20 1000 10000
86 481 507 153 406 145 768 771 72 521 832 503 176 164 980 557 357 500 939 853 359 666 637 69 673 100 638 322 125 330 238 617 473 150 775 302 246 63 594 27 129 419 707 538 153 178 185 602 183 112 87 833 510 456 636 760 541 92 388 555 299 600 326 366 390 794 101 723 93 327 305 749 644 204 850 753 132 591 746 243 107 492 754 936 228 255 463 
20 852 149 756 788 816 809 304 987 565 527 483 698 62 314 683 84 509 276 148 271 
41 942 214 624 639 534 900 922 465 871 991 424 739 784 183 102 555 552 156 324 961 783 741 682 577 12 273 622 19 366 207 877 371 234 851 639 321 403 977 198 882 373 
74 970 605 77 421 967 20 269 940 712 180 250 585 491 797 595 861 788 565 580 431 152 930 734 390 120 286 631 693 283 724 835 339 558 422 933 425 329 941 215 55 104 639 141 371 651 468 718 991 769 72 493 586 863 259 132 934 846 120 770 299 277 952 938 659 602 487 389 932 532 79 206 149 9 800 
94 571 683 491 242 952 607 605 932 979 785 571 613 464 963 768 4 726 762 510 103 70 908 598 181 501 402 393 106 303 185 355 668 26 53 242 105 487 812 106 399 617 480 984 427 702 728 323 271 196 276 619 906 851 350 975 65 87 488 697 296 826 741 401 522 970 731 227 57 427 524 87 515 256 991 776 238 110 868 476 31 291 195 996 715 418 117 197 233 257 532 914 852 395 454 
76 195 214 117 445 118 746 448 643 326 286 847 444 435 3 343 131 167 10 55 549 355 694 337 928 575 104 195 674 397 757 270 457 471 532 647 242 875 862 876 450 756 39 60 100 233 652 70 403 329 417 196 765 338 849 821 575 677 471 232 118 64 292 7 669 100 695 950 900 389 880 725 205 315 389 541 57
98 661 192 15 800 419 23 856 608 157 413 242 670 952 802 221 137 512 942 268 459 795 652 778 223 225 167 653 801 847 634 26 628 434 875 457 229 554 876 914 271 810 937 552 54 378 153 846 988 279 981 932 855 376 800 462 797 317 867 764 567 807 368 569 591 483 962 53 722 158 15 57 104 561 614 74 384 570 241 663 256 947 681 647 929 22 638 900 77 237 185 739 117 558 375 22 369 840 624
56 824 425 460 748 760 135 440 464 308 187 337 823 388 833 131 29 194 564 994 842 480 894 286 56 777 561 326 531 753 907 305 502 423 459 940 117 791 347 409 793 468 77 926 528 836 702 249 829 425 199 340 233 569 726 930 139
44 31 671 552 682 491 264 653 679 648 276 397 18 740 493 385 569 32 34 568 872 615 794 135 379 634 173 289 18 241 652 720 34 501 839 719 383 339 478 772 328 339 254 723 536
27 886 0 961 518 116 817 501 220 476 874 683 552 521 183 317 61 993 454 531 262 266 907 220 163 522 946 807
31 808 831 963 736 293 205 751 659 437 366 60 692 239 678 834 623 176 880 859 904 371 881 206 51 435 462 241 488 599 347 704
36 219 929 862 180 465 474 217 838 175 958 72 83 191 608 323 769 771 130 202 937 616 378 326 34 831 138 576 648 934 201 788 373 928 153 300 67
43 268 793 411 537 551 944 552 138 359 5 811 774 954 468 215 829 542 893 487 319 354 111 940 447 914 650 523 505 803 753 137 789 100 360 147 888 530 245 307 789 517 253 327
1 462
71 686 32 718 864 959 193 254 323 48 806 797 725 863 309 783 853 238 466 400 97 381 769 85 706 52 476 437 491 231 204 837 986 456 962 139 300 783 458 958 18 728 714 196 819 733 98 272 533 866 620 661 585 670 513 66 718 975 8 626 560 735 107 881 601 301 437 77 560 106 814 421
35 862 353 747 612 774 101 709 482 20 855 40 894 886 1 94 628 835 527 348 941 441 940 696 535 268 244 984 876 907 613 116 170 329 876 763
61 795 388 295 579 317 543 606 86 693 569 25 387 610 578 489 360 895 950 234 821 540 476 126 227 291 162 723 691 893 911 491 612 751 97 780 941 326 39 707 765 308 510 842 74 315 815 49 656 894 401 497 549 734 289 380 454 5 599 542 618 173        
57 108 840 924 101 221 67 81 777 954 163 677 498 840 842 546 731 767 569 862 972 161 117 406 595 988 980 96 85 455 95 385 182 286 336 901 856 148 135 221 416 821 746 489 565 57 327 217 739 804 331 507 87 243 397 491 437 490
92 587 47 649 77 563 3 630 91 219 349 547 497 761 807 987 278 472 988 416 748 406 418 725 683 330 609 346 472 405 827 650 589 106 350 439 188 245 342 290 307 87 708 920 746 741 568 135 572 789 695 818 724 854 850 461 38 604 201 276 193 836 732 272 820 427 550 873 167 399 708 442 889 280 186 274 680 769 361 239 901 432 41 250 397 440 786 800 698 588 667 362 513       
79 667 910 350 809 430 90 669 374 274 463 249 153 447 136 706 930 940 393 760 593 511 861 69 673 920 397 667 259 619 555 856 202 734 222 622 904 819 250 256 35 229 418 899 656 553 229 932 626 666 737 41 864 706 227 932 999 384 277 463 402 761 132 421 202 568 179 706 728 529 531 373 419 576 219 926 928 660 375 60
