100 0 50000
71 127 59 841 455 774 854 385 406 720 877 739 247 379 463 709 54 493 530 705 955 484 144 980 596 554 573 170 667 862 228 412 322 709 550 216 987 760 644 116 603 113 321 820 556 729 751 318 839 44 12 194 721 627 705 557 635 291 12 881 567 115 975 724 84 896 407 761 578 371 266 867 
17 384 488 396 597 477 23 977 338 420 681 515 360 75 278 55 179 909 
76 872 776 93 258 570 57 501 910 1000 179 402 659 733 976 598 113 500 515 391 41 79 996 318 374 470 313 236 932 416 262 858 960 144 174 152 540 962 581 341 938 85 760 51 813 107 1 751 19 48 216 924 872 773 65 501 975 303 316 311 198 807 425 914 735 961 897 56 817 926 668 62 871 130 424 14 515 
80 683 134 838 853 7 141 362 610 290 704 473 283 858 913 190 525 573 244 837 888 826 838 468 975 757 216 660 186 766 177 704 459 810 248 844 394 706 478 176 220 0 633 301 8 314 665 549 985 310 856 841 708 230 691 34 215 705 508 601 551 103 278 134 102 937 607 755 960 516 448 775 517 234 971 890 33 141 174 945 318 
49 615 611 539 129 255 157 134 745 119 389 315 374 72 261 597 609 156 677 782 608 398 405 390 280 918 665 9 740 370 657 967 373 324 803 871 469 592 796 683 297 695 852 11 550 223 226 867 567 932 
77 265 604 526 502 991 921 529 323 864 289 606 680 886 87 221 441 14 690 5 784 872 399 893 314 165 902 151 89 57 138 270 77 660 489 304 835 565 673 956 222 468 992 35 959 211 258 365 960 908 997 896 562 493 613 757 903 974 808 827 232 205 879 596 185 389 313 386 711 897 66 264 837 968 478 229 971 189 
6 143 441 915 718 484 624 
91 59 452 686 413 800 230 638 687 557 642 618 470 159 584 221 389 117 566 287 42 88 21 327 696 586 545 817 480 415 930 181 223 868 380 533 440 196 959 405 480 932 663 388 545 791 975 987 957 981 644 505 310 641 10 357 288 641 984 122 273 898 737 444 24 754 28 551 133 311 267 484 480 361 38 166 929 963 999 839 699 717 101 37 315 381 706 370 344 560 187 768 
79 522 75 994 437 712 781 667 493 478 188 405 944 777 66 903 330 272 805 79 786 373 195 220 440 163 708 41 904 228 609 749 876 676 818 542 67 774 691 207 972 220 623 25 184 346 431 453 238 579 500 129 221 705 505 780 778 836 454 433 343 895 348 317 976 522 109 138 498 15 878 54 532 515 467 559 255 388 245 366
47 320 546 159 484 747 769 192 21 320 987 71 671 255 140 885 318 325 365 905 690 548 337 333 462 803 42 603 605 953 14 445 158 283 503 263 984 193 108 839 603 65 475 17 61 454 766 868
38 121 540 909 920 660 390 927 289 432 673 93 945 970 136 477 32 812 847 244 701 67 279 327 18 355 310 492 294 461 151 596 926 789 426 112 618 597 611
91 529 278 534 646 70 801 626 490 370 298 846 624 447 433 972 94 360 846 696 200 524 648 258 605 740 991 180 445 202 328 235 680 812 136 705 504 150 216 361 264 26 37 263 617 824 632 971 214 988 476 432 842 579 638 408 365 522 711 880 713 958 123 533 844 730 259 745 543 555 873 475 827 930 934 410 424 839 19 29 930 791 708 873 73 582 528 214 288 60 86 935
5 548 109 87 327 800
19 23 568 276 393 299 843 201 470 485 164 306 520 246 784 957 526 322 781 554
49 716 577 910 665 496 573 268 87 623 613 575 332 124 979 786 224 173 641 132 72 155 617 351 562 402 631 256 787 123 615 619 658 3 329 518 980 562 130 34 9 39 970 513 52 736 46 520 848 211
90 907 395 50 603 671 123 872 764 731 882 422 400 851 615 580 671 45 873 280 506 457 362 487 290 240 313 946 910 958 512 502 341 955 270 192 955 941 321 592 326 357 535 775 571 402 218 818 729 723 550 964 414 28 111 172 987 774 27 235 417 631 125 733 109 35 647 894 924 275 821 675 945 116 706 863 280 282 392 464 430 639 687 170 67 104 403 520 394 277 829
26 273 964 547 660 56 243 50 128 731 99 63 512 25 358 248 438 380 844 254 345 740 316 693 37 464 538
7 16 495 591 316 614 609 625
69 444 557 142 987 994 35 619 575 481 851 195 89 972 328 455 91 405 511 274 284 321 479 750 838 301 111 79 957 39 524 558 681 981 384 803 104 82 263 558 558 777 839 381 905 669 818 431 434 58 44 691 911 481 53 217 898 79 835 621 979 550 375 504 176 242 321 182 381 627
78 615 234 927 183 435 853 492 889 777 389 168 465 135 54 411 131 14 455 761 956 367 630 2 62 527 952 855 212 29 801 309 212 690 300 257 673 129 746 127 781 225 366 882 299 90 83 410 74 66 855 437 562 264 983 903 256 270 376 642 109 451 690 681 148 840 22 893 699 105 930 792 125 999 532 921 837 653 110
82 648 286 475 782 271 220 400 15 861 881 630 0 870 744 15 518 993 552 240 349 791 612 295 918 912 765 107 457 476 787 579 96 312 525 183 67 117 489 387 177 112 462 734 708 915 274 504 864 884 370 522 819 803 517 287 893 864 79 28 918 489 529 381 665 862 232 32 145 182 512 207 197 610 517 39 676 742 138 346 126 506 31
92 336 596 748 826 896 653 799 784 352 642 581 531 259 770 324 861 331 113 989 538 345 269 540 964 138 119 746 35 640 911 78 331 416 579 400 78 710 378 608 730 237 182 518 436 825 475 885 860 609 181 673 838 727 659 4 486 626 14 252 900 426 814 961 800 514 0 510 143 130 303 288 346 604 656 500 39 624 527 144 291 684 540 389 430 338 771 369 422 872 400 120 709        
88 331 617 180 967 820 524 799 518 408 772 397 335 35 528 82 377 890 352 322 642 579 102 997 975 127 762 364 635 637 115 301 571 443 567 406 891 515 247 692 828 631 250 293 910 310 529 567 872 384 22 306 913 63 790 859 420 683 349 148 270 230 412 750 644 904 860 590 968 690 899 771 267 404 336 188 693 377 574 998 562 553 869 222 870 410 637 835 982
33 369 189 181 697 899 899 942 169 728 213 18 700 481 984 841 772 980 531 417 694 439 561 221 616 417 181 288 83 87 718 577 122 735
92 641 405 389 343 328 593 274 361 888 119 491 272 715 624 171 869 148 342 318 195 463 602 344 56 763 406 92 542 730 857 938 77 765 634 97 496 142 333 453 122 206 407 976 480 729 565 82 756 483 799 961 34 762 959 429 255 161 435 370 384 284 702 651 445 534 158 949 495 316 624 434 839 378 111 501 582 224 641 318 157 906 210 236 147 167 356 102 47 465 645 221 984      
68 371 651 617 519 908 469 498 965 61 965 457 888 96 282 43 860 992 106 495 281 580 270 530 766 608 226 797 920 120 793 445 949 984 613 440 250 916 765 866 781 565 862 888 176 309 192 203 664 543 813 69 983 663 947 769 501 350 731 784 106 757 275 483 546 425 854 964 959
1 962
70 426 564 253 645 279 494 878 105 978 464 563 994 3 814 244 929 377 105 929 521 601 614 232 181 57 377 269 122 582 795 835 846 253 409 950 303 248 608 455 932 187 582 467 70 574 299 979 303 858 833 264 765 631 198 508 174 902 71 608 281 130 363 417 960 446 345 667 69 883 185
5 836 627 27 845 949
16 989 719 266 145 994 428 415 99 505 172 282 554 419 263 511 454
25 247 865 294 280 17 882 948 649 68 177 576 220 148 887 833 169 375 902 587 115 863 749 177 198 779
56 54 597 47 914 68 390 344 429 156 371 463 9 15 912 324 653 825 1 54 915 686 169 914 815 542 2 187 712 82 990 795 851 561 333 970 163 652 155 154 132 787 128 441 203 486 308 24 584 901 678 872 659 208 691 670 515
76 418 854 270 761 133 39 709 720 528 410 285 264 774 65 660 937 638 359 947 549 990 438 621 328 468 643 19 184 847 352 142 525 960 62 388 975 225 136 41 113 222 944 220 236 16 394 606 141 914 826 219 776 512 36 441 948 883 157 111 280 548 578 419 42 287 229 668 243 759 307 36 433 938 817 507 397
5 80 393 63 413 243
74 968 111 712 554 697 991 596 313 805 179 59 328 426 934 595 371 810 758 114 538 492 418 181 849 715 510 353 621 392 324 52 55 8 34 413 803 317 252 897 563 79 207 978 272 98 381 349 238 279 956 360 456 656 988 430 682 332 820 826 894 267 401 538 323 491 81 624 336 571 905 404 389 910 324
76 891 624 257 416 322 96 236 151 134 642 800 416 935 921 395 904 636 48 855 68 268 349 72 702 828 553 84 740 62 672 645 399 314 325 392 639 190 890 963 358 718 342 529 13 978 382 315 352 126 446 272 269 644 963 162 14 143 696 941 536 766 897 461 261 217 917 921 812 492 388 999 699 236 921 595 503
29 413 122 336 981 37 661 443 805 691 675 877 613 127 840 347 860 299 271 844 976 319 72 730 875 615 40 312 93 759 
70 792 762 940 530 364 849 359 373 685 622 185 840 730 820 689 147 365 743 264 580 604 515 520 586 278 159 299 550 46 667 568 732 49 195 181 47 586 705 666 142 805 66 287 361 202 760 764 445 711 827 593 329 380 685 454 478 166 881 571 644 81 693 959 728 610 340 359 386 179 21
80 77 825 375 105 62 540 365 167 484 913 741 49 147 461 541 73 926 297 997 279 537 303 316 557 983 177 808 643 122 735 17 278 5 721 122 519 182 550 939 187 926 829 324 878 925 208 799 640 270 948 648 10 395 329 508 447 906 192 491 469 612 412 653 882 783 369 502 482 924 838 905 123 844 740 616 290 196 441 445 737
20 298 320 619 451 376 773 262 723 939 968 634 531 534 165 710 547 171 715 645 235
7 945 426 544 278 533 635 931
54 127 753 769 455 144 70 28 302 862 742 686 334 295 944 738 508 226 89 408 92 798 283 31 232 414 638 692 665 825 138 599 337 767 283 685 754 265 190 696 301 859 44 743 199 996 244 703 396 628 528 531 97 96 985
85 635 731 461 568 121 915 312 619 646 421 550 418 455 571 782 395 756 34 834 748 869 457 415 279 453 990 490 119 586 734 895 272 19 199 890 745 818 936 914 584 921 156 542 259 29 670 554 163 150 350 957 691 805 642 528 951 686 312 13 788 401 501 104 687 693 493 862 7 454 200 57 52 545 380 334 151 438 79 644 87 976 473 927 563 209
86 125 101 544 351 298 301 929 81 337 698 914 394 172 505 264 608 582 936 485 947 862 658 617 365 982 50 793 952 758 7 695 253 739 609 103 746 992 974 533 217 150 946 864 391 449 836 12 286 483 425 254 846 834 733 690 845 995 87 833 736 993 788 597 40 976 149 378 586 442 935 35 818 126 461 949 97 40 519 678 121 535 552 483 480 379 946
75 911 638 538 386 748 47 544 105 771 878 48 120 32 124 273 371 594 177 892 846 295 35 87 18 809 398 306 154 531 73 74 397 735 893 178 517 841 65 630 941 436 722 536 750 597 617 129 821 299 999 244 538 465 455 429 5 145 57 530 627 190 586 374 927 696 651 236 235 338 127 937 295 763 475 5
66 675 119 859 392 351 57 711 255 402 858 853 26 172 971 0 69 129 496 961 707 886 192 893 855 724 253 872 700 914 580 720 780 309 385 255 142 231 38 324 422 620 16 740 588 765 166 857 696 281 563 404 489 414 351 43 813 847 19 693 854 621 994 131 551 829 845
48 718 599 992 274 917 426 575 494 735 895 71 373 51 525 232 778 639 612 610 172 755 529 308 179 63 84 450 711 679 369 385 97 180 424 134 934 537 662 372 580 20 359 672 281 586 50 754 476
94 291 294 347 423 743 422 15 4 426 507 19 622 323 626 72 294 847 87 583 592 358 970 210 476 496 104 803 326 839 435 779 282 508 889 795 195 435 27 831 957 36 11 970 421 824 121 165 76 795 272 84 97 109 167 132 272 340 36 229 491 802 453 256 887 356 793 26 939 699 313 529 111 207 23 67 753 841 595 623 217 614 714 851 485 774 134 56 652 809 901 312 204 276 598        
59 23 690 500 826 548 649 240 198 588 235 47 652 482 689 1000 182 302 895 623 245 451 196 389 592 299 742 95 935 41 295 183 943 400 393 684 728 672 179 721 117 3 314 877 629 161 43 325 171 225 299 233 724 382 951 996 993 233 554 375
66 534 711 126 695 966 696 311 286 819 970 206 845 146 243 709 851 34 214 55 584 797 374 476 559 981 109 752 703 121 141 902 273 5 179 688 11 439 440 868 379 659 289 345 680 742 754 823 452 117 138 138 195 518 512 834 866 646 505 0 455 878 147 444 475 89 336
51 444 375 581 15 685 303 838 898 659 854 6 470 251 267 898 495 94 462 301 645 886 859 678 324 583 178 85 476 866 47 335 810 884 595 793 791 839 525 569 52 822 253 569 933 825 773 262 418 282 453 458
97 38 809 931 391 907 999 518 175 876 370 241 58 946 855 329 259 371 753 717 594 851 357 605 329 400 800 106 247 457 902 975 803 179 776 517 530 337 283 133 662 281 376 1000 718 83 156 667 451 892 607 736 957 840 273 160 252 470 604 50 252 127 573 226 614 765 588 609 268 307 694 784 277 856 536 861 540 318 240 255 466 324 392 983 544 962 109 54 338 948 32 766 409 101 328 103 258 701
40 8 36 949 25 236 760 865 894 240 172 354 635 972 901 692 38 672 206 325 405 574 177 480 121 645 723 816 334 470 818 821 722 9 444 232 778 975 236 774 423
25 469 653 163 959 658 572 877 265 438 784 285 317 795 406 348 796 496 973 101 517 353 145 88 483 464
81 852 585 883 51 933 349 370 995 986 483 531 818 203 24 797 841 111 334 417 999 929 869 603 4 856 892 606 706 978 691 108 155 911 26 303 276 418 117 853 209 907 515 632 24 45 241 619 971 945 340 177 550 767 722 34 80 582 520 333 299 528 768 219 308 91 838 831 641 768 300 162 227 493 441 658 488 553 99 818 919 551
57 803 894 901 63 898 751 987 641 261 219 46 551 897 596 169 961 617 477 983 882 10 5 424 359 276 819 515 92 489 5 992 111 542 735 500 784 34 32 1000 558 209 39 432 959 645 377 398 841 580 360 423 644 516 24 640 510 109
52 587 178 305 587 482 248 671 741 999 11 234 263 37 205 364 178 467 297 215 899 329 596 748 669 832 249 779 285 168 931 691 171 685 181 334 624 254 933 11 5 460 717 724 383 693 39 203 394 481 59 672 508
64 644 405 133 45 55 185 348 235 362 326 389 292 55 505 603 337 378 818 459 549 788 4 575 129 244 811 865 604 399 808 441 926 847 495 134 441 165 364 685 751 23 630 52 159 825 714 622 302 258 362 220 768 192 682 735 162 780 66 10 555 944 974 0 939
36 842 64 857 130 140 759 142 157 36 405 178 343 263 769 286 795 443 476 875 970 293 942 176 672 838 369 814 303 157 606 588 941 734 443 600 323
100 550 44 556 846 231 298 548 759 622 355 377 358 599 490 321 601 709 623 635 224 660 436 462 528 366 734 832 754 661 303 351 685 17 683 64 837 415 282 93 413 375 194 964 460 306 544 287 934 829 546 960 839 818 479 993 867 456 929 118 190 141 84 451 937 161 349 888 737 563 424 119 929 309 418 950 270 46 643 184 623 241 743 555 200 208 861 730 145 563 791 292 161 613 368 765 37 459 669 240 848
75 814 701 167 723 831 472 396 480 852 5 298 204 761 745 364 544 798 205 232 773 360 670 249 859 495 682 232 510 219 983 222 247 812 208 291 81 536 68 288 352 924 112 541 532 551 630 104 651 349 767 397 895 256 367 177 121 463 250 842 947 569 733 949 250 521 392 643 152 871 809 103 105 878 775 119
5 187 743 838 104 646
33 901 701 389 166 747 422 32 222 245 20 781 571 855 995 492 852 233 290 454 127 879 448 209 285 304 846 101 452 578 690 611 28 795
30 973 309 906 821 293 222 22 343 87 512 861 706 80 419 103 513 147 230 52 808 400 460 721 710 463 323 553 782 46 954      
55 270 391 793 64 896 663 804 692 707 405 68 417 236 441 98 845 667 831 66 93 109 266 204 979 432 904 626 675 599 194 431 313 336 466 460 999 631 386 181 116 874 969 279 677 251 101 827 735 843 370 786 845 635 34 477
44 346 141 829 750 43 27 609 530 923 47 330 356 686 196 573 988 132 911 488 601 150 614 178 696 459 605 956 200 0 931 509 313 869 899 507 547 663 920 138 16 354 661 347 765
16 836 30 452 357 895 383 384 453 772 92 567 673 72 195 551 445
18 943 950 363 172 166 435 595 377 165 106 771 524 670 697 260 810 16 676
22 571 112 437 121 200 204 347 227 460 782 299 54 354 682 285 397 383 129 359 359 71 496
60 451 329 628 342 104 859 588 368 167 888 171 517 539 227 366 59 2 694 247 794 853 633 54 300 910 936 162 299 429 795 131 534 398 355 220 218 1000 683 890 676 989 186 299 977 953 459 520 806 178 916 278 307 213 886 203 992 524 24 351 810        
16 11 639 878 174 744 947 987 995 424 312 811 804 546 926 458 513
25 746 515 430 76 687 390 830 535 448 776 651 850 389 834 331 429 118 477 216 746 854 412 700 544 317
43 894 881 195 121 788 604 818 716 691 287 628 731 613 901 637 379 723 994 636 625 832 876 37 532 798 572 173 796 254 801 882 172 588 595 574 700 46 708 843 855 36 532 930
47 192 933 941 588 200 736 224 998 510 267 910 892 172 66 138 761 850 746 736 575 832 35 38 214 492 913 604 242 975 631 881 1 188 528 613 76 736 33 382 676 17 333 477 994 187 456 675
86 225 94 276 200 684 709 279 546 847 547 659 197 9 149 461 596 547 50 529 393 32 690 97 344 149 633 741 596 436 738 709 276 163 68 947 870 235 827 836 576 919 950 351 651 962 2 775 442 27 810 884 271 790 791 469 863 551 507 953 408 728 703 187 443 825 986 927 334 760 354 50 615 193 416 51 476 660 525 98 141 21 438 266 307 6 549
88 911 475 313 977 194 362 528 647 711 250 442 533 790 293 289 164 584 859 76 207 947 652 660 141 25 750 667 394 127 930 426 225 405 913 698 368 613 565 210 961 345 33 112 130 119 680 697 864 735 146 491 681 487 479 554 798 357 478 571 974 425 377 618 693 829 894 357 140 392 981 767 376 886 793 293 457 241 514 388 199 662 468 509 759 789 950 2 794
79 452 656 932 329 296 306 631 905 535 563 751 450 646 6 655 98 513 664 478 938 485 971 327 367 68 661 355 370 988 269 985 489 570 667 222 473 448 961 579 61 811 323 249 429 916 583 78 940 948 25 704 429 336 458 738 743 414 382 113 625 628 261 831 291 113 593 323 95 267 519 227 962 289 492 116 892 777 746 750
14 135 749 470 991 87 701 179 312 640 117 881 218 747 468
51 435 709 238 456 233 926 27 480 509 128 7 366 563 208 945 658 114 324 735 750 271 959 239 655 326 702 728 176 72 514 179 873 582 152 110 895 337 913 436 761 625 585 881 384 739 465 421 203 755 955 215
12 293 318 147 412 820 269 174 861 586 75 475 603
35 169 834 680 806 414 422 5 405 6 171 263 968 692 949 695 438 783 127 176 437 847 517 346 735 470 70 434 856 859 24 401 268 947 111 241
47 582 149 663 731 497 977 549 523 803 224 837 510 377 382 620 205 740 101 876 960 883 418 483 297 399 725 711 637 203 537 586 574 687 644 950 13 530 615 647 412 922 703 234 364 931 918 696
69 32 645 296 790 265 84 893 444 76 514 44 40 570 265 320 967 311 102 759 801 361 232 645 648 135 157 467 656 456 785 552 301 265 71 79 689 740 495 656 287 998 411 402 245 661 389 993 995 899 558 988 270 770 676 114 606 962 820 427 371 26 996 982 716 36 862 89 758 360
14 261 115 470 244 960 453 927 445 284 543 424 167 334 225
46 765 948 471 762 25 705 356 486 949 628 136 283 730 281 577 292 439 175 313 847 434 474 442 835 554 61 148 412 707 289 591 492 445 308 440 169 970 824 483 320 725 66 670 621 921 384
48 940 738 701 390 465 799 215 724 280 599 414 243 725 506 219 208 875 736 519 300 995 732 118 411 490 792 184 650 80 401 50 253 412 465 727 508 237 885 770 739 895 676 545 146 434 947 956 314
12 818 390 271 634 542 476 197 206 780 146 485 34
61 681 242 747 897 196 462 822 43 972 108 667 618 547 575 316 878 749 996 479 929 340 287 660 518 770 460 952 773 128 896 926 450 132 81 581 948 23 941 956 385 268 461 713 191 118 359 584 45 210 674 103 570 553 863 396 439 693 305 213 656 592    
100 401 835 425 992 615 802 441 387 283 443 683 387 77 65 991 877 176 52 362 541 670 129 36 550 589 293 576 635 769 759 60 499 856 232 363 974 759 656 731 308 277 21 16 315 627 686 65 123 79 749 812 123 837 962 908 764 600 145 636 481 413 935 7 179 973 789 148 95 195 546 779 320 902 12 948 593 18 665 770 731 555 212 541 496 300 987 709 260 664 883 790 761 32 495 412 330 159 641 258 382
65 351 516 567 21 72 856 61 350 824 127 905 284 323 135 457 377 662 921 322 101 419 656 990 607 767 576 598 442 611 549 609 770 160 218 663 815 361 575 844 694 414 939 626 899 476 415 862 941 540 465 433 314 369 440 953 387 127 961 502 213 182 653 403 713 642
23 150 14 880 458 969 238 845 86 420 630 249 131 875 123 988 50 615 630 832 208 995 829 702
31 276 881 280 443 318 944 393 191 398 259 602 104 79 694 136 247 36 244 488 607 164 211 419 381 828 397 984 759 417 239 137
15 401 567 99 108 763 140 921 799 252 316 214 639 261 300 585
43 167 51 432 6 38 270 158 296 788 7 856 469 616 46 804 1 125 891 232 696 999 309 212 474 812 789 72 759 738 656 871 669 914 136 12 357 503 850 290 914 644 92 352
71 406 123 831 566 470 875 920 732 452 387 813 78 476 227 964 270 134 772 958 885 823 721 39 336 299 524 28 410 882 61 17 813 379 844 873 70 450 946 473 996 737 496 901 92 945 946 925 328 669 940 484 498 974 654 796 760 479 483 561 487 622 747 681 610 131 262 176 539 969 686 742
39 272 252 118 383 402 164 509 750 731 957 945 564 486 290 167 124 6 463 835 675 553 768 874 419 943 649 36 554 455 714 727 420 500 780 416 803 280 242 418
53 897 698 505 871 119 431 545 988 759 465 319 495 352 728 183 186 28 947 617 952 549 471 213 849 947 828 809 533 329 905 111 879 609 803 615 119 325 222 921 420 163 885 776 796 418 796 193 329 287 844 834 736 577
18 845 492 368 811 816 705 104 36 376 27 229 450 847 524 130 522 797 459
42 681 165 653 583 821 719 975 5 278 556 364 318 374 712 419 776 508 145 600 642 813 549 20 510 92 107 56 728 76 409 342 124 198 985 373 57 490 806 518 565 561 164
33 495 681 931 62 338 794 707 145 610 434 570 139 978 301 817 735 197 194 28 709 770 72 367 428 74 182 625 872 514 269 489 907 845
