50 20000 30000
11 792 251 380 503 933 856 295 390 910 408 875 
52 49 610 436 133 866 523 542 188 299 987 597 145 88 9 368 410 833 593 348 479 228 238 899 564 863 495 977 504 943 216 705 322 697 426 33 106 620 80 138 799 98 906 601 620 756 638 974 605 34 221 241 252
4 893 387 615 492
29 639 661 203 492 57 613 969 45 666 372 859 694 901 364 239 236 50 627 653 284 356 600 411 760 125 91 647 845 486
75 713 428 795 797 939 389 982 8 79 497 642 920 834 591 927 826 277 33 393 930 65 696 176 988 398 538 877 958 695 970 929 380 664 819 115 367 988 139 779 868 961 806 582 334 877 276 107 351 379 104 547 897 242 489 345 877 670 532 172 239 297 793 358 737 732 390 405 183 932 444 834 689 367 363 298
46 906 494 715 959 735 938 286 563 326 970 310 545 762 300 999 903 415 562 368 620 439 193 613 115 209 329 323 288 521 765 203 33 858 556 834 544 346 713 630 922 686 65 830 91 448 718
63 266 431 234 353 740 11 324 974 641 55 298 383 681 258 999 147 337 325 223 661 994 639 658 660 953 785 994 296 339 745 671 857 193 208 324 343 652 333 918 671 979 86 746 815 866 647 593 955 937 210 503 353 16 869 738 369 401 792 438 904 545 216 76
65 590 578 79 213 434 82 537 598 499 524 811 907 804 846 716 253 675 704 647 37 482 749 466 550 511 480 870 885 81 683 274 374 966 973 165 367 715 555 972 770 508 648 212 568 439 32 279 837 901 594 26 297 287 850 261 409 90 314 240 557 99 295 702 687 211
48 696 948 214 132 155 967 370 163 322 910 440 97 881 304 998 438 206 292 513 130 828 4 934 26 969 179 621 949 511 22 408 994 118 111 607 819 689 1000 867 347 143 190 951 81 590 157 38 727
63 818 806 737 777 759 840 974 370 907 654 998 156 428 899 523 636 235 355 838 850 273 541 883 273 133 912 275 500 29 296 49 476 205 138 818 863 511 144 331 425 746 413 581 970 224 652 218 159 325 250 620 573 647 646 603 492 736 394 565 932 899 521 867
61 938 411 372 461 157 955 536 188 930 760 624 728 159 918 80 771 921 672 106 226 606 644 289 327 243 437 600 642 622 857 153 761 968 559 229 989 461 813 278 805 501 198 134 761 403 920 313 771 32 860 213 789 929 23 125 570 945 3 355 706 496     
70 294 435 837 107 1000 758 338 722 294 531 611 534 782 280 214 524 585 941 231 97 451 85 374 566 731 913 234 43 45 354 389 660 209 320 339 276 604 244 432 282 866 519 31 368 904 907 254 935 312 88 276 181 314 625 926 844 186 885 843 509 412 103 874 500 367 613 953 282 555 887
14 811 940 527 109 605 807 375 945 158 693 899 425 640 565
12 869 869 663 596 280 567 224 824 108 542 799 473
62 773 661 517 783 297 210 347 988 339 232 652 130 685 875 929 6 899 937 414 247 627 351 375 861 898 112 643 94 38 383 809 630 63 320 54 584 686 756 9 997 367 984 236 212 130 847 25 295 40 143 278 531 967 760 267 358 964 696 841 248 613 896      
52 360 835 746 645 820 664 200 303 690 75 847 988 136 601 86 362 630 9 133 265 248 533 763 500 245 763 50 537 380 62 630 11 156 693 31 756 585 498 599 888 305 253 779 520 347 773 347 108 863 303 33 117
26 916 532 532 370 407 314 564 938 696 80 574 185 637 788 629 413 255 651 676 670 730 512 379 683 184 201
99 56 468 977 791 660 657 598 154 334 975 458 449 328 935 615 912 715 254 293 772 94 665 229 507 177 962 486 37 792 635 540 901 12 364 439 933 798 813 334 297 350 2 431 919 961 769 373 251 345 411 832 479 132 85 866 880 82 299 640 69 809 913 637 245 832 325 317 980 800 102 942 761 498 962 255 301 622 786 841 449 510 451 51 237 576 743 46 780 10 518 216 666 355 967 951 847 233 933 442
12 28 1000 12 36 763 89 872 804 429 140 931 628
13 97 410 227 35 516 33 184 811 713 557 636 363 63
20 981 954 677 682 111 280 105 115 557 163 597 436 681 264 636 337 99 702 141 47
75 548 423 296 973 244 727 561 232 856 433 424 325 3 924 979 402 432 614 233 713 225 713 700 591 766 381 625 248 66 991 562 39 614 749 27 737 281 602 196 978 946 129 301 552 23 513 553 434 15 772 490 672 524 181 712 386 550 840 913 947 827 35 364 372 554 55 897 207 390 990 373 588 558 525 112
46 111 812 798 135 722 454 601 436 857 959 197 484 158 796 752 174 31 956 104 50 945 529 684 174 166 67 816 676 878 376 3 333 67 315 20 820 415 748 180 804 80 369 978 512 552 326
48 624 373 567 244 150 572 202 143 319 684 66 640 484 443 956 87 7 668 454 499 501 390 16 824 724 248 728 424 353 596 654 644 654 467 565 841 348 63 888 942 495 434 294 102 474 535 957 944
84 838 413 126 182 699 368 778 445 645 162 205 24 312 505 193 46 349 977 701 100 231 938 215 530 289 326 109 488 435 731 968 59 712 292 319 544 812 783 103 432 974 420 639 989 336 857 242 705 162 111 728 596 894 557 491 871 896 925 539 88 210 661 204 961 892 701 921 85 831 859 984 297 916 692 402 725 404 971 167 76 964 529 758 502
76 204 125 897 886 81 161 481 861 784 636 774 933 286 990 412 566 520 892 137 423 723 898 117 488 477 873 920 370 986 654 531 625 401 735 44 354 951 218 804 534 12 407 257 201 641 185 414 899 339 589 189 512 585 141 60 753 312 110 534 119 367 602 850 887 22 540 857 469 481 805 281 76 971 96 853 832
57 907 381 209 774 722 453 194 285 561 415 275 755 684 534 393 394 922 564 245 469 904 291 822 581 951 618 480 637 200 670 361 695 184 444 175 523 468 489 578 934 903 96 836 964 910 407 150 133 370 561 223 9 604 649 577 641 925
70 635 797 881 872 281 888 47 517 684 984 226 776 876 638 736 506 683 995 143 611 413 799 41 105 1000 524 724 565 412 603 438 530 361 695 969 866 762 163 430 87 722 802 608 225 227 108 532 748 77 703 690 973 617 57 926 360 608 677 197 552 520 361 466 48 859 964 390 65 832 946
17 138 245 638 547 689 704 896 921 527 368 961 511 651 546 338 300 727
75 23 951 213 789 38 641 220 211 2 259 725 576 721 915 124 657 186 432 482 952 233 8 963 513 485 672 586 566 29 888 397 78 184 358 382 982 644 124 423 759 158 614 79 390 458 868 66 676 238 608 419 857 593 721 360 90 918 646 702 819 891 533 214 421 825 142 275 14 18 745 562 343 143 910 81
41 22 822 555 852 552 316 498 101 344 211 283 215 257 791 295 409 883 106 467 774 826 538 655 446 58 537 298 136 750 444 541 567 871 430 247 238 200 976 426 122 475
92 527 880 454 412 19 835 526 914 860 334 156 909 796 68 789 560 690 291 869 277 370 931 307 175 629 116 706 963 498 474 723 931 631 760 218 287 649 974 636 724 709 718 33 289 633 739 683 284 479 216 858 236 521 136 387 720 76 459 272 281 446 119 323 746 784 221 445 661 708 843 790 994 249 445 574 37 349 423 330 457 342 234 87 145 450 962 985 502 467 906 920 930     
85 318 798 958 607 419 73 656 622 845 609 144 173 142 685 719 777 98 784 590 965 57 801 327 442 577 708 756 372 438 806 628 18 547 984 648 842 334 556 542 369 772 299 514 597 707 198 440 323 909 340 398 523 248 1 772 586 450 798 312 2 429 685 339 69 265 780 347 128 313 314 808 832 498 809 767 347 853 653 994 657 970 789 872 545 910
94 156 156 634 192 985 826 991 744 883 322 181 205 858 762 751 334 200 421 793 691 697 938 593 672 811 199 950 375 987 107 295 693 599 93 904 771 197 405 719 78 914 210 936 314 373 548 670 989 455 538 825 958 20 901 757 309 182 802 131 423 370 365 148 124 98 227 948 40 921 375 172 425 814 559 536 813 515 369 342 306 286 912 23 507 516 600 851 220 0 20 205 286 442 177
84 368 453 682 462 629 884 652 385 870 520 120 507 309 346 931 641 349 922 784 866 235 601 458 607 376 255 127 224 457 384 455 664 744 280 412 186 509 511 684 923 922 492 22 928 136 142 258 868 718 665 754 796 955 80 602 970 654 50 143 546 119 619 690 356 848 513 408 208 26 978 259 962 721 974 157 408 336 847 523 527 93 314 965 650
65 576 251 134 478 820 702 784 838 675 582 568 136 868 309 984 172 525 663 570 247 371 533 651 474 10 347 463 213 546 583 409 880 157 800 237 669 277 240 838 742 317 817 497 263 76 332 524 405 477 589 257 265 791 3 31 324 784 39 663 11 819 674 453 239 399
73 851 143 289 237 178 269 606 605 256 174 600 178 215 344 650 56 478 927 503 503 446 397 640 763 831 869 72 615 570 63 344 614 450 131 735 880 119 232 600 14 783 433 0 268 13 361 387 842 659 536 855 704 196 412 746 574 832 698 111 176 229 391 171 52 177 929 319 320 101 233 766 325 917
23 646 344 23 168 118 74 560 978 604 973 374 600 353 783 458 142 618 763 706 351 130 186 622
50 483 487 911 213 295 722 809 44 742 945 152 440 578 83 746 94 750 828 439 134 184 26 524 442 452 832 400 693 73 724 414 972 213 198 771 65 143 846 925 495 216 659 247 544 471 80 581 168 251 367
6 566 547 965 831 9 625
63 324 839 648 763 722 570 639 17 281 652 749 57 790 593 148 865 200 474 985 451 583 985 107 785 905 118 712 719 427 58 125 892 528 447 997 174 388 456 32 967 816 171 175 263 911 435 627 496 284 427 875 278 517 456 147 39 626 304 456 572 882 8 10
90 555 921 991 675 1 260 804 128 37 344 739 64 979 843 153 520 423 868 723 409 993 362 946 362 257 996 740 112 308 862 961 551 429 246 534 232 202 199 695 380 847 407 793 787 795 277 313 456 395 612 309 26 817 923 568 197 65 841 590 173 248 676 781 251 428 716 218 87 816 765 943 386 262 483 493 811 853 744 302 627 657 444 169 649 596 543 881 390 755 468
73 314 889 307 138 157 898 132 457 562 642 392 288 219 844 929 818 24 915 211 719 653 110 940 818 235 516 489 450 791 555 393 713 134 570 945 770 595 369 266 426 517 658 658 845 533 686 104 80 444 551 296 449 47 872 810 463 798 889 947 210 263 503 229 141 383 624 928 562 358 15 170 741 833
29 484 614 25 353 713 901 288 889 185 409 126 910 719 665 91 292 425 384 575 152 701 215 775 293 435 885 620 848 763       
44 75 34 641 201 583 761 772 916 604 430 931 186 961 965 662 361 940 615 992 806 822 10 75 85 427 176 486 35 73 26 352 485 371 546 146 647 723 284 591 264 219 973 908 537
51 11 355 174 444 556 763 696 266 731 343 705 151 168 701 855 502 194 629 408 146 791 656 233 229 582 952 431 52 279 527 49 355 287 290 756 651 869 454 809 984 945 893 557 755 774 27 248 638 442 556 510
44 156 407 726 508 24 700 187 42 908 809 242 5 533 469 687 348 380 859 956 931 32 48 677 273 855 566 598 221 869 440 125 904 843 712 196 115 909 834 224 54 741 19 784 369
95 718 103 659 39 896 389 202 617 888 407 817 674 599 72 732 56 477 941 24 381 129 65 982 438 280 149 652 887 840 285 585 474 553 898 110 177 390 286 229 909 981 371 391 676 549 906 278 731 947 181 66 754 664 179 421 7 16 764 66 658 348 782 78 809 37 295 526 977 534 549 684 659 418 28 653 893 338 723 943 913 626 831 920 467 412 839 998 850 413 27 465 242 208 236 691 
4 295 775 698 660
62 52 806 273 486 532 446 357 442 883 595 11 407 241 91 96 702 149 661 862 850 353 970 381 108 373 18 231 928 911 240 645 468 33 837 28 379 305 245 598 467 877 67 222 8 736 917 451 627 283 656 36 760 938 141 313 352 464 693 615 834 127 784 
