50 20000 21000
24 789 88 528 934 303 54 655 105 70 623 746 303 833 778 79 979 191 591 168 402 516 20 476 52 
33 323 767 208 532 232 124 538 1000 825 158 552 220 216 536 648 604 324 729 694 172 726 913 230 432 500 945 259 20 229 384 190 491 473
32 238 366 842 297 220 687 848 126 182 955 628 194 782 75 641 166 216 63 630 180 430 28 220 598 953 300 646 243 161 588 925 807
17 55 410 262 515 287 657 983 109 150 281 746 720 978 921 46 638 586
14 630 581 246 18 274 469 694 124 83 821 337 124 37 691
38 511 13 262 957 669 995 285 321 342 296 904 516 845 41 658 295 799 12 898 444 831 397 603 925 80 220 858 591 200 503 924 248 60 208 15 913 6 185
48 209 180 919 659 142 654 626 838 36 193 883 357 125 674 527 916 665 270 167 857 425 507 900 729 701 136 836 311 24 287 499 165 825 451 550 932 673 143 722 657 456 613 77 762 704 853 940 116
18 947 765 122 438 633 957 800 336 565 846 184 1000 909 580 806 683 851 384
7 356 262 116 291 587 424 626
30 783 657 985 160 466 116 396 826 476 809 757 337 405 821 451 279 426 854 959 377 73 4 37 293 179 755 270 197 751 472     
58 475 894 120 111 275 482 862 970 659 770 481 138 143 548 225 218 927 632 442 164 89 370 450 978 599 943 951 775 359 13 877 210 397 583 904 452 455 566 932 257 594 395 575 410 359 610 400 398 486 848 383 79 939 9 512 785 780 272
13 933 161 998 238 97 522 167 146 28 956 502 228 461
77 993 79 605 1000 956 628 195 27 564 891 796 404 296 459 810 668 382 236 20 660 461 662 596 921 123 866 811 298 779 446 448 546 467 93 860 114 374 522 139 124 468 323 979 862 591 698 241 901 816 373 20 183 740 484 802 410 7 988 357 666 194 727 502 584 883 726 138 232 890 566 532 634 171 540 534 370 213
27 881 584 279 525 442 264 314 255 717 725 501 168 232 796 299 969 816 691 230 517 554 716 385 110 910 844 49
45 632 837 276 977 176 51 936 849 300 281 101 522 241 609 299 846 763 414 947 99 842 930 88 537 745 517 530 611 44 222 51 964 780 25 691 729 624 737 79 660 660 370 178 298 828
22 436 11 893 798 876 410 59 718 569 478 201 779 889 511 505 244 194 156 982 873 638 859
38 590 771 137 563 983 937 584 606 533 333 905 362 516 235 58 784 658 8 370 519 46 546 52 254 211 141 551 163 526 972 327 39 991 883 855 922 107 71
62 981 74 173 227 685 769 981 733 888 728 261 104 56 558 581 22 886 258 698 705 847 870 58 703 139 861 933 284 392 177 109 230 114 136 503 972 187 355 862 774 374 93 453 940 872 60 972 846 629 95 910 398 181 318 531 840 754 300 386 644 817 703   
24 426 775 136 865 633 836 899 391 859 623 88 928 795 514 864 918 662 140 422 536 490 533 282 949
92 84 194 725 550 996 694 874 732 911 349 866 920 925 371 307 379 699 104 747 535 520 555 840 492 702 23 698 610 593 770 69 409 142 937 223 459 708 540 935 195 226 999 199 420 104 739 98 578 544 591 219 189 345 437 341 496 169 61 698 186 20 812 258 257 46 423 512 117 844 597 572 818 334 150 57 776 642 798 824 210 282 533 407 674 435 274 250 708 864 228 37 804        
22 959 143 113 336 251 313 772 974 164 505 288 861 705 67 337 979 27 504 353 24 949 226
14 5 378 602 239 570 661 305 865 230 547 462 957 211 799
61 377 627 987 79 12 159 109 682 751 108 324 455 879 206 613 628 418 335 835 635 309 803 270 965 390 84 569 66 915 506 26 603 225 423 549 168 619 847 547 319 300 435 401 138 649 319 336 161 763 857 483 741 372 457 325 49 507 600 16 825 881       
27 974 58 620 154 11 683 725 553 819 996 521 336 376 253 225 362 602 363 305 125 286 616 842 887 499 159 629
38 665 8 79 61 389 17 861 897 231 193 902 627 577 1 359 383 547 858 142 463 851 69 930 59 229 413 128 897 154 966 499 771 447 27 470 834 673 845
21 716 305 978 419 874 946 563 235 876 908 610 253 885 625 973 740 873 700 974 433 47
19 521 522 437 223 489 670 354 692 193 523 735 129 81 459 344 343 524 488 390
8 453 976 372 221 21 121 562 111
96 924 777 29 78 85 294 699 121 106 36 384 424 397 983 195 715 13 238 46 841 206 770 348 862 762 534 52 1 326 18 184 988 113 517 768 560 273 245 644 85 988 242 330 700 714 228 372 534 727 518 180 704 331 542 538 904 27 789 233 867 708 373 522 803 361 375 82 184 145 960 912 193 622 908 268 373 189 336 386 542 981 825 36 518 155 94 122 122 18 921 189 26 865 553 310 0  
25 294 292 910 735 227 845 708 616 647 780 837 8 15 209 551 982 176 587 949 939 214 100 95 77 543
58 892 269 266 688 839 159 100 832 851 761 726 320 391 44 630 99 499 203 806 268 556 545 171 46 132 53 75 683 426 874 356 483 995 651 726 989 666 56 107 337 62 660 395 99 976 381 494 696 206 204 268 674 172 656 780 450 331 957
52 171 300 920 373 300 913 352 252 499 599 21 451 859 915 887 12 780 422 722 6 910 468 325 69 982 661 253 546 294 581 57 394 169 164 179 375 736 462 230 128 525 38 821 720 760 174 353 262 961 152 478 714
46 742 176 484 482 809 213 399 543 736 16 921 575 348 388 992 306 698 267 166 761 898 712 636 655 132 154 632 744 254 816 472 601 983 560 716 387 28 326 854 577 363 202 328 537 986 868
7 642 425 413 121 340 188 653
37 358 134 27 413 430 418 236 681 765 271 194 706 190 686 312 275 922 683 455 565 261 895 888 608 779 263 9 21 814 326 354 441 199 869 927 312 325
59 465 213 814 864 709 330 494 65 169 815 405 771 934 429 649 468 955 130 114 416 100 15 668 465 804 319 925 836 716 273 623 123 938 404 219 367 709 973 72 933 480 631 149 522 194 5 919 237 959 33 983 891 844 327 181 954 135 6 58
14 130 869 126 304 655 380 31 419 408 45 371 487 812 929
68 262 433 827 52 143 747 919 461 392 578 6 218 412 60 665 722 672 313 863 907 378 61 735 814 844 508 103 611 672 887 10 7 994 452 546 380 795 821 348 791 19 103 136 458 234 826 318 615 685 246 84 875 216 730 315 779 69 443 778 180 889 676 147 339 843 892 979 913
45 91 160 573 959 28 158 127 14 564 887 844 447 641 158 700 625 301 830 125 74 566 971 984 252 965 735 206 236 750 2 818 238 441 565 476 306 474 719 728 777 432 595 549 901 724
94 442 435 285 784 613 530 984 762 382 567 44 594 684 834 568 77 527 267 673 226 801 618 835 463 70 192 630 188 139 946 376 46 609 845 851 38 640 45 453 759 788 223 568 570 72 127 374 5 64 447 468 111 797 592 453 975 730 793 804 867 234 946 362 194 653 35 167 306 396 698 462 899 973 732 422 345 855 998 574 608 832 944 465 584 297 267 408 178 393 930 651 389 607 526  
34 108 239 769 484 967 858 830 838 585 857 584 453 583 279 959 224 664 251 910 121 874 217 423 247 668 757 651 542 263 456 948 153 922 383
91 415 596 606 568 645 959 519 740 836 524 140 562 84 115 594 123 901 74 46 293 870 788 313 487 983 884 232 992 75 264 620 720 536 772 820 241 127 921 111 908 331 354 363 943 390 911 995 357 227 39 60 817 292 920 911 519 534 939 192 888 190 792 197 277 14 743 232 324 154 936 26 709 375 786 227 19 91 203 286 861 219 584 43 306 613 49 205 465 992 974 166
20 397 953 735 976 37 489 455 230 820 43 492 257 881 245 416 208 18 210 252 91
9 821 720 320 845 766 25 949 67 22
82 578 737 724 303 255 661 69 849 408 455 263 796 810 580 317 382 131 607 274 866 543 755 50 563 176 149 591 477 84 259 204 709 759 265 330 215 976 729 963 242 815 759 60 195 860 837 854 319 852 773 685 895 86 554 661 229 796 94 77 861 442 121 850 934 224 368 350 916 637 763 923 78 495 601 756 983 382 364 370 347 964 998
45 526 9 559 142 959 672 733 460 249 340 573 232 45 866 728 501 955 503 85 592 486 908 202 669 640 861 988 998 254 422 686 906 741 101 742 645 910 700 791 604 790 960 962 856 864
73 801 944 924 274 255 379 65 129 453 765 551 493 179 246 855 215 819 459 388 134 998 294 373 340 865 16 703 659 266 38 50 699 830 294 970 123 241 155 566 40 411 333 771 20 566 343 623 891 456 233 464 842 347 141 242 113 230 229 712 819 689 951 376 751 904 233 867 574 601 15 70 110 490
36 454 929 765 320 883 613 762 396 886 178 705 367 928 609 995 160 541 899 513 433 900 180 483 975 505 263 148 905 616 643 236 682 791 901 332 785
29 2 508 127 616 976 972 730 733 986 212 614 353 236 681 866 389 355 355 69 195 652 12 39 872 667 701 599 134 236
73 744 149 76 527 790 355 181 443 53 504 992 261 133 478 622 841 818 108 57 272 491 292 576 31 581 937 742 593 588 580 798 656 142 53 747 640 36 86 995 771 260 133 752 992 10 578 821 851 649 26 276 170 205 84 169 176 156 894 89 423 878 477 463 285 72 156 337 660 623 515 268 435 663
