100 49000 50000
100 223 526 304 779 789 319 138 770 43 335 960 901 54 961 598 234 66 713 896 865 406 814 865 347 169 374 287 491 413 926 409 451 418 793 603 187 849 785 376 55 563 492 216 415 967 387 51 855 113 11 432 0 145 741 265 859 412 437 152 340 675 1000 394 966 985 818 107 874 198 672 332 890 457 850 326 556 851 112 66 970 324 768 903 714 596 865 754 758 964 223 289 445 703 573 156 677 146 575 258 182
100 242 550 396 961 423 855 160 948 176 528 743 673 5 178 27 778 658 799 460 149 134 664 276 97 873 446 393 40 635 960 782 132 840 530 800 455 388 803 94 469 444 527 913 752 329 111 27 242 581 795 765 333 656 844 161 965 698 612 199 339 51 816 582 2 36 426 232 300 442 65 510 16 913 680 267 346 985 414 379 849 519 625 581 675 344 540 126 407 842 429 692 493 796 633 768 685 765 21 750 845
100 828 885 872 878 637 928 377 474 568 122 905 619 157 238 750 534 670 514 599 442 45 238 223 747 886 784 981 950 108 291 88 962 250 337 184 287 35 848 862 639 568 33 701 972 446 464 371 680 601 643 603 166 523 588 360 537 408 419 404 815 218 351 203 773 415 219 80 447 97 97 113 3 89 884 238 533 112 990 842 358 752 803 893 219 77 424 571 592 562 200 0 260 920 51 287 909 254 398 980 504
100 826 191 948 981 602 2 433 506 102 324 241 679 236 347 568 679 884 332 718 766 575 321 193 105 115 382 761 884 998 1 652 462 795 869 68 61 716 403 848 897 271 70 671 999 255 776 213 310 967 961 662 907 592 187 624 548 202 388 521 980 436 229 29 968 840 334 987 175 713 703 134 811 909 486 643 733 553 616 50 412 334 935 960 634 516 790 76 347 368 660 59 981 880 105 0 883 91 909 932 871
100 294 728 521 199 410 273 240 431 224 487 469 503 52 998 792 883 820 329 598 531 161 918 680 230 199 764 557 303 29 72 418 443 930 392 538 538 894 53 101 644 413 95 190 945 853 215 569 251 965 896 600 35 384 564 337 180 207 212 856 932 142 556 340 420 896 124 477 6 721 632 59 645 111 327 687 561 507 626 915 79 672 460 494 618 777 332 114 704 360 108 893 981 562 72 258 85 68 884 514 824
100 116 884 465 977 758 448 508 383 965 850 73 729 513 673 146 245 351 203 548 313 655 985 494 357 863 170 480 851 324 949 326 5 87 68 177 944 283 66 22 439 936 669 717 822 674 177 799 196 343 336 973 130 836 610 838 983 963 814 795 345 146 437 845 227 921 444 182 197 863 36 65 453 470 632 69 375 198 289 156 856 744 668 869 716 639 604 719 320 969 303 44 436 693 468 457 123 112 281 301 721
100 699 991 943 353 931 111 34 474 876 161 759 17 991 482 272 998 531 931 53 188 188 233 787 278 501 718 591 743 687 383 269 166 851 287 677 932 592 408 654 844 870 653 844 979 909 391 720 457 14 243 92 186 800 857 269 618 254 808 518 234 898 513 170 386 302 71 908 204 509 632 272 71 885 158 440 477 132 340 82 945 227 424 457 335 136 10 186 504 444 897 182 462 184 713 843 995 415 597 620 86
100 151 906 797 989 144 672 212 448 267 204 657 578 723 22 200 695 902 792 587 45 604 789 831 567 227 957 361 541 951 355 689 440 524 9 84 946 62 907 233 132 252 102 464 561 445 152 813 706 347 750 524 650 777 190 540 86 847 751 118 635 441 98 349 697 383 767 364 415 896 196 160 320 830 870 434 901 981 219 474 202 797 834 803 712 652 465 811 277 148 102 441 720 794 620 713 285 372 556 425 580
100 516 409 653 631 255 366 962 514 585 425 407 822 512 941 276 683 997 974 17 937 37 667 765 575 919 211 235 786 161 337 259 24 648 129 860 364 301 957 520 945 559 272 198 326 479 524 63 852 756 926 253 370 934 627 183 424 810 385 477 166 487 669 581 561 983 298 981 884 245 127 223 284 67 390 548 482 140 812 295 469 337 923 475 181 32 661 269 437 967 420 510 319 893 628 768 765 601 884 672 245
100 37 520 143 754 785 326 465 206 608 773 944 433 781 830 222 627 759 35 167 389 185 425 650 387 546 29 429 975 819 865 5 989 702 865 260 678 426 839 747 368 703 194 119 996 28 566 285 613 488 674 227 267 446 273 726 485 739 963 477 797 621 133 526 647 351 925 602 573 888 81 114 130 354 400 737 575 827 779 962 471 156 601 110 405 910 338 511 358 402 802 591 62 676 287 536 574 548 879 156 720
100 5 440 1 729 237 387 48 537 51 957 797 509 246 777 87 421 171 118 82 143 166 996 365 92 683 631 789 338 874 828 849 924 896 871 133 749 906 103 707 283 479 494 249 546 594 767 519 835 615 438 960 2 743 746 240 257 281 779 902 224 656 24 623 448 770 348 793 337 829 218 359 27 747 929 412 846 407 832 133 705 70 915 414 618 381 57 286 24 295 912 628 680 783 75 513 259 90 121 842 46
100 246 337 640 543 558 439 749 284 976 954 293 191 642 216 980 866 890 373 838 373 198 876 531 379 72 162 405 482 938 711 855 626 141 848 213 772 107 301 629 820 318 470 901 371 911 513 10 772 264 804 894 796 909 29 119 829 176 332 903 672 13 17 821 125 579 804 734 906 630 361 5 197 871 46 713 365 620 949 808 138 104 872 364 644 112 937 517 133 508 193 607 208 658 505 803 976 363 232 111 721
100 517 202 554 892 662 84 429 811 288 389 29 102 996 362 482 344 249 578 170 442 562 121 183 284 0 635 23 513 968 847 974 124 378 418 972 384 433 327 883 215 422 888 33 164 757 47 162 964 475 783 331 233 236 210 225 472 584 981 679 650 273 921 951 512 993 588 685 426 616 614 364 677 547 238 635 204 116 670 951 348 848 338 631 777 458 335 255 292 132 468 692 366 650 427 713 146 843 608 839 949
100 774 718 377 72 880 874 62 556 723 139 827 901 479 525 379 346 174 623 341 590 959 851 701 674 499 9 615 61 992 296 33 52 391 634 803 919 372 679 18 60 416 329 699 645 540 421 259 990 137 773 16 560 986 417 45 88 180 424 903 338 628 338 951 707 277 454 988 85 364 9 414 31 113 785 916 270 816 847 779 833 68 918 569 982 4 255 527 61 946 518 390 899 68 785 776 749 646 616 872 429
100 1000 808 469 107 63 852 403 208 931 220 161 975 323 48 201 795 331 871 564 29 801 183 653 813 347 119 727 61 413 181 62 962 623 642 847 907 325 576 716 773 954 873 208 253 71 325 458 606 319 688 409 468 889 699 774 486 20 159 505 415 615 37 243 447 61 258 17 116 936 915 941 498 168 939 916 202 350 483 887 691 227 340 923 169 12 989 230 410 921 104 629 274 656 822 522 308 679 126 330 90
100 251 695 934 470 559 474 498 821 887 737 657 211 259 515 76 742 825 814 0 510 856 975 517 978 317 461 720 289 481 313 417 881 668 478 996 563 221 45 904 758 546 807 595 817 600 618 358 262 670 138 756 64 797 678 193 4 457 377 11 668 845 704 260 882 729 606 197 407 970 939 562 715 634 38 128 412 638 593 683 336 723 222 777 902 294 493 443 808 999 68 996 391 370 629 490 493 840 187 499 261
100 398 816 550 10 468 586 250 922 345 996 869 765 495 566 703 58 539 737 382 196 709 808 152 373 794 82 841 719 622 185 758 153 619 537 263 688 767 142 882 297 353 480 696 493 779 185 15 320 431 948 221 195 324 573 260 629 200 637 58 815 625 891 784 115 372 606 579 858 143 341 826 212 523 126 941 551 324 267 113 135 882 756 162 197 497 66 62 317 947 800 117 291 21 243 420 529 953 776 719 702
100 8 910 682 849 815 943 123 31 469 756 88 189 1000 745 490 231 759 231 803 253 670 110 677 558 860 211 443 960 60 494 393 202 24 963 706 437 253 334 885 531 747 349 8 671 410 680 346 159 219 699 737 996 391 605 27 806 733 220 386 572 952 858 759 138 729 451 661 864 445 54 944 597 222 844 56 209 650 4 523 790 633 496 912 933 665 652 997 903 686 730 230 713 142 356 411 619 914 997 325 919
100 99 929 544 63 272 365 451 437 561 594 773 435 378 840 40 465 956 47 653 190 803 762 572 61 822 670 745 183 557 593 903 352 312 979 795 368 981 934 906 882 299 141 950 987 286 376 374 383 666 721 317 955 377 294 294 694 316 928 133 870 960 251 54 135 526 668 7 290 933 318 691 694 757 535 799 856 404 893 682 307 146 756 179 489 778 72 149 592 444 268 319 520 362 445 242 780 7 87 159 897
100 582 509 238 2 542 124 176 510 431 37 515 849 752 868 339 988 941 403 308 128 854 37 199 803 123 748 70 67 556 864 399 757 354 829 389 752 699 345 283 79 377 826 897 158 705 69 378 194 732 142 181 477 621 646 978 734 61 575 464 857 621 996 209 566 683 688 80 114 385 704 327 668 615 63 191 190 155 165 246 502 136 511 901 166 10 92 912 965 970 101 357 960 401 258 642 189 525 348 389 455
100 999 496 756 527 886 249 870 249 935 939 687 496 237 876 876 557 799 921 661 140 173 190 90 816 583 888 448 15 9 490 368 976 74 802 913 468 653 419 830 282 48 214 370 660 308 942 158 644 220 272 934 898 849 567 557 555 725 602 297 665 402 892 733 992 44 337 233 848 794 408 665 643 162 499 117 693 533 342 670 59 913 340 977 820 516 200 974 652 477 643 337 172 775 736 341 554 826 239 967 473
100 125 70 984 573 587 911 836 210 318 679 664 7 403 175 263 481 574 578 401 662 87 311 695 909 732 68 880 776 223 310 471 87 395 721 695 380 149 185 186 668 783 639 340 454 477 604 232 142 274 604 818 124 361 720 99 420 670 281 17 759 584 8 899 201 119 303 455 910 401 640 343 792 736 72 821 202 177 254 465 333 345 940 485 97 15 895 180 907 543 447 737 523 333 511 5 256 794 626 106 624
100 697 659 271 368 307 914 268 778 631 101 233 380 920 302 636 330 824 302 24 426 24 699 777 391 689 644 117 293 670 35 760 499 515 79 229 398 80 362 832 732 339 74 799 37 476 768 942 657 793 393 651 381 937 487 993 770 592 6 961 893 850 793 553 688 238 135 393 622 286 673 156 612 883 721 548 601 61 536 59 172 854 567 591 244 431 46 520 815 260 874 606 278 189 936 590 111 205 575 95 765
100 169 676 348 861 710 132 933 8 115 641 996 468 711 114 166 488 738 105 710 608 559 184 117 983 597 672 170 474 46 141 288 733 2 205 225 648 495 550 347 216 185 713 30 857 606 877 173 77 98 393 689 883 81 987 999 817 128 46 447 156 945 856 632 591 255 899 11 923 472 176 772 945 435 551 346 991 319 36 459 890 612 131 598 783 93 950 507 415 696 654 754 325 660 781 147 826 216 168 674 392
100 589 924 3 908 800 820 956 419 57 828 520 469 331 345 791 393 28 140 210 944 972 899 328 375 949 580 92 763 927 827 286 312 555 545 492 479 563 586 113 116 969 346 187 554 372 989 210 973 194 759 240 724 706 588 431 787 557 15 211 196 97 361 83 143 988 665 793 393 313 538 443 852 416 17 384 916 753 95 918 331 311 394 451 231 852 996 408 298 760 314 884 386 123 236 163 813 576 657 732 999
100 945 677 782 368 835 545 153 627 985 454 296 609 136 851 846 776 85 184 925 109 520 44 239 803 10 615 143 983 492 293 188 854 857 732 619 434 37 685 812 248 528 362 664 203 422 930 366 497 543 954 410 728 205 923 550 417 119 878 725 250 696 158 292 874 517 665 49 399 861 333 643 918 607 833 228 932 562 65 531 626 784 790 125 585 35 952 398 724 428 615 226 9 181 707 953 81 456 553 570 986
100 165 316 933 647 159 401 214 89 495 320 230 878 205 834 769 820 13 471 595 524 263 352 427 731 158 675 359 67 900 780 462 634 46 821 180 663 891 568 991 593 671 150 678 821 249 517 970 650 409 80 41 169 647 538 846 816 848 640 165 425 930 313 190 925 680 211 839 210 4 369 140 675 976 142 383 193 777 384 734 219 451 680 994 821 833 70 56 994 723 425 856 944 918 451 730 904 748 685 505 633
100 436 776 644 126 491 39 974 264 218 147 405 582 98 741 811 180 231 499 615 110 933 57 599 140 691 689 173 316 852 497 173 569 366 420 929 71 912 281 634 434 444 617 251 435 135 178 435 411 930 434 373 694 936 260 649 461 155 932 778 160 849 240 754 648 719 705 625 545 702 47 729 553 194 226 190 169 692 786 922 77 409 546 408 138 182 284 920 119 189 255 618 278 516 863 549 312 706 648 707 231
100 55 463 156 598 554 28 862 777 573 670 581 488 422 1000 507 659 869 597 74 774 939 411 33 347 252 741 428 160 919 520 107 930 378 706 627 265 433 119 470 980 683 715 921 451 891 681 689 419 785 292 423 833 44 324 509 932 857 231 311 100 667 881 987 911 956 229 616 235 35 457 365 816 724 424 270 586 228 704 438 601 485 515 449 483 997 185 533 515 971 480 597 660 497 320 809 520 493 853 829 318
100 600 520 908 610 861 529 666 631 896 696 792 957 966 66 904 390 447 191 553 402 450 149 372 379 712 798 210 324 868 405 596 19 506 975 807 918 56 868 321 799 46 343 909 443 307 481 433 966 264 207 917 893 726 171 75 885 680 677 615 161 940 78 124 885 83 617 765 109 819 817 291 904 705 28 219 279 531 34 910 791 855 656 344 144 351 279 247 447 244 366 878 632 736 247 755 485 946 694 836 418
100 423 274 469 709 520 56 938 232 789 653 81 154 123 397 974 347 775 573 914 690 652 156 561 476 196 660 57 137 100 503 698 70 309 916 336 970 342 988 180 776 213 98 22 619 405 808 97 640 44 774 527 423 418 738 55 374 197 677 511 342 752 96 897 128 355 451 471 841 938 898 547 780 615 587 522 27 98 456 26 586 990 170 302 698 82 522 965 58 192 772 363 679 433 48 763 209 885 575 603 739
100 614 852 261 920 601 688 105 651 839 292 187 582 540 259 56 837 508 874 229 217 242 483 267 862 564 675 553 782 534 790 337 755 662 910 547 340 986 47 941 764 145 0 443 553 772 38 381 483 297 980 686 684 183 531 861 193 74 757 170 106 882 657 29 358 545 721 349 769 959 324 229 12 259 961 463 804 187 634 796 896 307 425 561 775 657 940 296 318 754 104 2 607 267 105 357 942 599 114 965 904
100 416 488 641 419 931 972 6 934 963 333 569 233 515 177 733 975 672 348 576 37 90 854 539 349 631 256 788 393 273 298 519 997 573 127 297 896 98 987 43 706 973 465 955 793 274 571 396 506 735 6 584 587 324 476 65 263 872 10 812 276 493 351 152 627 365 61 488 633 797 854 111 918 326 424 382 374 259 377 106 733 942 608 498 18 852 800 619 515 489 186 934 847 662 948 754 354 201 404 103 825
100 909 249 797 724 692 313 929 180 265 810 631 736 859 123 418 613 871 648 152 187 662 989 983 91 234 313 405 628 360 629 765 196 986 336 719 599 295 494 987 970 142 496 122 872 208 214 366 805 868 134 724 125 816 313 67 250 711 831 361 498 932 84 68 219 805 470 545 575 710 72 490 200 243 277 275 751 990 171 648 228 30 482 354 836 586 908 964 405 134 583 762 414 277 29 277 781 995 862 117 289
100 179 139 371 423 486 45 548 84 576 155 225 752 211 174 708 257 851 64 88 806 356 17 914 302 873 49 441 455 260 316 945 219 355 360 294 129 275 640 463 924 814 175 149 216 418 558 340 17 773 100 63 580 285 668 114 412 484 560 563 911 284 471 853 47 777 117 426 28 444 526 872 941 292 485 953 423 558 750 11 488 134 872 569 104 983 667 175 307 940 172 214 370 952 342 313 263 478 748 261 745
100 320 488 91 1 768 655 919 500 43 26 690 396 807 945 130 406 121 876 426 847 924 816 951 982 907 573 239 845 580 792 524 281 374 99 162 546 465 533 161 469 814 895 97 787 151 366 882 745 932 708 126 184 139 197 485 383 303 920 304 129 709 145 283 246 426 280 70 524 39 85 24 540 189 483 158 402 488 997 35 908 65 214 131 6 529 289 584 433 198 887 623 271 695 973 80 64 643 136 284 548
100 620 881 65 940 576 192 128 156 530 295 998 897 73 623 90 906 198 310 957 602 956 431 935 776 192 729 318 272 954 649 313 53 285 25 892 694 368 856 558 160 812 301 572 268 617 203 177 163 843 310 644 173 126 390 50 769 350 348 17 162 67 770 329 798 484 31 52 458 161 868 527 777 557 373 804 989 500 857 294 560 663 536 60 158 818 566 532 77 973 652 635 460 55 537 528 523 993 690 890 419
100 712 464 516 966 645 911 261 829 968 120 417 753 72 601 768 958 452 897 965 142 119 655 54 508 485 247 73 161 75 31 495 263 107 498 322 140 326 202 124 119 395 139 263 958 552 998 893 97 650 834 358 895 241 883 434 925 881 967 105 92 488 752 357 445 1000 113 940 529 480 650 1000 234 900 150 976 221 708 453 843 389 490 250 670 489 942 985 161 396 917 430 298 886 114 649 620 646 330 602 746 435
100 820 53 89 617 20 633 845 535 280 702 382 432 953 795 108 410 155 22 792 449 561 151 62 778 481 949 975 233 316 848 158 770 920 89 379 225 793 307 246 4 808 485 670 506 345 919 563 320 407 279 808 629 164 581 10 141 458 183 599 55 53 338 505 993 396 361 720 777 131 97 622 5 526 857 676 587 930 523 210 959 172 220 646 600 298 601 108 750 694 902 339 303 438 332 834 471 588 852 237 104
100 74 478 851 27 712 864 887 693 200 776 895 811 170 988 224 428 289 713 887 505 111 672 586 627 727 133 481 524 109 910 253 168 773 177 900 121 377 771 441 44 592 179 500 358 600 23 919 840 190 513 39 722 841 581 253 425 473 820 535 54 845 106 135 341 59 365 521 224 290 58 98 237 861 267 3 944 365 159 279 529 585 437 526 662 609 339 97 358 514 964 485 620 881 976 639 626 179 286 80 425
100 368 56 196 594 350 990 765 246 373 521 190 95 831 655 188 156 686 483 265 517 777 774 841 725 590 173 811 781 100 607 143 351 619 165 151 689 707 149 730 627 979 938 993 252 103 922 701 699 50 552 92 296 321 722 299 898 176 423 81 612 851 38 1 27 393 262 531 661 88 114 734 135 768 881 61 762 913 309 606 471 7 517 811 385 567 829 889 806 343 881 217 517 31 499 156 422 181 895 177 104
100 995 763 622 883 548 903 496 509 289 707 330 135 157 696 587 865 110 681 686 994 124 382 221 403 972 752 933 820 816 787 630 850 641 941 458 558 247 493 122 940 38 77 320 591 139 982 781 442 309 541 966 148 586 208 888 924 163 836 176 972 174 936 389 859 519 386 4 736 985 666 519 631 549 211 113 793 119 74 534 746 216 527 754 266 511 284 988 956 393 228 396 933 692 464 949 48 678 719 896 870
100 482 792 807 634 888 197 181 4 602 596 920 847 956 50 357 992 773 593 849 388 41 161 122 368 436 5 606 471 992 687 636 454 427 156 209 314 946 743 237 658 474 31 599 11 792 723 894 255 312 846 753 397 651 315 598 543 414 981 279 619 639 678 465 872 841 988 559 164 497 526 541 977 917 541 689 709 77 574 628 589 690 697 567 754 948 676 996 623 266 548 535 681 49 567 660 653 632 217 831 533
100 654 371 458 110 286 600 602 1 985 481 926 19 499 9 132 601 110 43 330 430 981 860 989 589 737 81 461 150 284 578 230 229 22 702 145 892 134 244 530 510 208 596 539 872 94 265 238 401 846 20 821 653 936 891 835 743 187 718 894 494 766 648 432 798 896 636 80 507 266 592 31 514 425 38 143 8 755 860 464 584 475 109 132 941 648 910 969 140 335 349 584 298 68 835 797 501 67 517 76 238
100 995 620 998 471 729 742 871 670 997 21 846 671 560 218 544 533 350 769 843 994 197 983 96 350 339 153 618 257 897 897 792 920 775 554 497 794 855 706 735 839 910 336 416 618 260 166 838 600 644 118 405 372 577 286 869 688 820 795 263 692 996 674 912 494 504 208 828 342 971 435 818 204 642 571 167 580 776 140 592 403 244 391 535 313 331 851 429 724 124 208 350 141 99 44 884 45 13 361 310 40
100 369 599 897 147 635 527 832 173 668 931 166 443 24 699 988 818 380 983 65 666 295 426 696 322 587 156 333 315 71 44 752 168 977 223 571 424 467 779 179 948 262 725 29 669 371 19 957 700 186 869 859 610 675 101 171 357 735 776 740 644 205 523 490 932 337 203 91 369 294 347 71 248 45 543 917 841 208 787 144 249 223 925 57 328 997 802 167 812 990 614 46 354 244 452 16 90 356 149 681 275
100 237 60 408 342 332 205 626 605 701 350 871 135 407 636 500 227 954 978 648 583 175 2 788 42 742 871 837 599 278 53 80 437 68 834 420 95 242 815 806 710 368 899 879 143 958 50 524 873 350 89 266 668 240 654 392 730 911 736 671 712 564 265 96 29 798 651 331 757 966 72 923 299 362 811 104 363 100 50 618 540 179 807 157 993 753 889 644 835 687 246 165 672 557 690 455 536 341 772 348 505
100 540 928 519 487 990 118 466 80 783 493 861 23 784 184 308 192 224 264 149 816 741 240 353 152 713 458 873 490 25 556 271 255 84 311 970 43 22 238 57 797 13 854 492 141 106 658 329 168 474 432 763 872 182 205 528 705 291 329 636 209 793 329 309 536 864 78 603 119 688 923 344 933 11 300 306 131 693 246 454 138 859 257 472 320 841 763 720 11 647 817 17 198 23 847 143 619 480 674 303 164
100 980 582 494 51 791 873 50 625 143 342 916 13 71 472 486 374 97 993 661 189 88 58 197 296 690 508 5 904 93 294 13 105 979 611 715 678 484 716 477 646 896 676 211 405 740 23 510 544 42 562 191 322 975 733 621 335 651 734 539 458 561 192 338 207 322 934 606 912 340 718 449 808 103 19 347 356 947 546 949 409 78 349 889 124 263 865 102 278 573 231 494 414 661 215 334 897 330 538 862 772
100 370 432 938 83 795 975 422 843 266 289 992 298 910 226 971 53 69 925 263 876 26 760 319 943 243 488 510 891 687 157 125 555 842 16 629 109 861 372 867 662 161 335 249 303 221 680 44 234 470 223 75 233 901 389 41 644 300 224 903 954 775 98 924 637 22 244 685 359 823 935 576 254 402 268 216 470 198 710 8 966 47 307 424 514 752 993 720 548 143 511 837 690 105 727 347 529 980 550 259 236
100 84 246 988 146 940 3 753 14 406 809 224 782 378 914 526 836 879 158 198 573 720 616 211 751 81 112 588 863 155 78 230 37 397 294 691 811 875 155 782 543 689 340 448 346 835 794 330 246 221 567 594 719 934 635 997 483 191 565 214 856 666 295 285 874 232 295 582 126 65 630 86 752 332 510 667 502 311 779 240 426 419 134 744 585 624 734 210 960 142 141 209 267 456 762 746 515 771 868 175 627
100 162 114 749 327 846 20 655 56 693 970 826 339 630 993 534 334 426 7 853 649 278 594 569 913 927 920 793 486 23 221 727 674 117 54 909 404 348 287 454 483 120 132 457 889 365 966 773 260 208 166 200 403 579 407 536 630 801 512 756 300 653 319 850 154 632 217 931 921 368 802 831 668 916 267 90 579 522 766 486 181 221 413 135 721 921 897 366 762 780 491 946 223 591 685 716 751 544 758 541 704
100 296 124 729 593 56 288 198 326 443 759 331 344 860 855 145 601 820 919 354 289 960 289 875 93 452 581 245 417 597 884 281 847 233 872 362 932 837 282 834 373 693 714 411 186 364 116 447 67 360 240 94 835 42 98 591 21 738 9 396 839 328 343 296 558 611 357 9 701 935 672 623 680 33 408 538 899 555 807 683 989 893 272 957 939 693 190 9 749 424 191 593 544 406 580 5 451 331 872 646 195
100 839 278 365 628 191 817 60 892 760 723 485 403 421 772 929 209 974 862 413 141 29 174 507 730 718 897 234 608 885 790 411 89 766 79 219 466 542 103 492 621 299 503 164 111 375 724 777 812 612 324 725 823 303 752 781 487 996 245 393 491 138 93 876 287 124 401 222 435 871 49 929 774 976 195 742 877 455 628 731 397 580 224 788 151 962 558 135 499 501 478 661 378 41 590 321 448 304 62 65 48
100 832 410 869 615 493 940 582 8 552 388 753 805 411 748 838 287 1000 459 522 89 275 163 670 443 853 630 588 269 357 718 920 207 296 776 273 792 759 111 922 639 788 886 300 484 959 841 80 525 425 377 211 604 953 710 805 673 360 415 446 756 167 127 904 513 584 911 301 263 12 607 35 213 985 69 716 556 326 205 699 481 940 140 614 143 434 204 851 212 717 200 295 37 389 999 696 481 837 210 235 646
100 976 583 745 60 645 13 260 107 606 205 548 441 623 522 139 467 91 656 326 20 336 536 954 808 622 373 918 391 943 760 729 616 945 374 581 38 79 209 792 310 574 730 461 60 68 178 990 202 344 641 79 462 823 508 782 918 152 198 154 558 135 303 368 751 404 481 260 822 624 653 855 722 553 946 481 881 725 827 244 632 65 264 385 527 325 766 513 642 856 77 173 150 234 259 984 850 530 543 902 260
100 503 672 96 325 79 159 694 809 610 671 210 418 182 95 996 26 32 29 287 210 821 677 770 696 367 733 140 42 457 951 567 967 839 142 511 369 373 32 972 746 566 769 384 347 677 538 5 821 201 624 766 293 496 252 131 551 928 846 430 908 127 317 673 368 19 46 110 320 537 236 710 636 685 149 54 672 334 34 841 216 935 528 811 506 980 407 778 200 730 244 731 429 457 378 905 833 656 167 419 232
100 465 431 904 305 955 69 755 615 858 34 805 552 447 37 390 384 295 412 445 421 14 670 839 311 908 881 185 564 132 155 267 540 550 443 106 348 2 587 498 848 149 576 586 82 661 411 346 810 981 194 720 58 685 383 748 226 480 382 751 934 853 344 303 283 15 449 792 450 820 633 695 432 778 831 889 968 801 803 671 249 674 833 917 358 282 582 461 116 758 495 911 459 68 529 635 478 872 541 435 98
100 174 7 206 368 657 772 184 831 295 406 835 166 351 726 572 68 803 954 90 235 726 721 778 610 961 539 110 523 81 789 82 485 941 880 789 487 291 50 321 256 953 468 460 0 513 199 725 339 220 621 649 441 244 446 287 280 861 545 543 107 487 425 105 559 281 634 140 599 494 137 165 189 365 557 892 23 992 900 37 970 189 80 719 438 313 504 563 66 388 101 985 569 821 559 107 679 881 110 270 590
100 663 963 279 433 447 268 219 905 990 198 879 203 282 390 756 796 384 900 571 772 434 205 123 253 973 417 196 175 152 960 512 675 316 571 570 318 355 199 453 131 237 944 925 784 303 937 110 68 473 471 885 403 460 222 2 589 357 373 104 126 604 788 957 253 871 779 42 394 595 155 116 450 566 242 957 994 365 834 878 400 431 870 985 992 868 899 288 396 474 674 364 112 729 541 700 685 43 676 660 94
100 984 911 416 112 93 938 968 612 935 708 462 933 181 405 282 334 945 155 586 62 518 857 742 854 931 437 366 726 259 964 378 46 707 514 895 27 834 174 782 579 777 8 899 598 56 964 302 959 753 635 751 897 224 392 873 9 666 395 390 44 919 919 421 128 734 264 861 850 963 92 838 676 137 8 425 577 190 446 154 164 970 309 153 608 247 799 641 652 592 17 336 888 475 751 236 225 810 43 112 876
100 514 996 339 877 673 649 402 906 17 50 173 400 618 542 690 87 384 227 287 508 940 712 233 252 324 0 630 607 813 776 381 261 497 724 622 197 988 994 433 299 832 558 690 418 694 427 327 836 633 994 687 20 865 376 427 133 512 302 644 300 615 214 911 846 433 709 419 411 121 429 235 954 158 671 444 659 401 900 95 639 503 300 754 65 135 484 697 614 918 702 358 886 39 266 685 14 326 735 275 940
100 555 261 802 411 617 876 506 917 646 990 35 190 643 383 971 254 329 551 334 171 474 898 948 573 460 578 953 8 669 89 771 12 457 364 785 894 241 563 726 973 984 496 486 245 18 985 694 343 221 135 345 662 655 138 105 138 724 110 605 128 587 54 195 248 792 87 29 670 239 910 824 883 713 836 235 658 948 510 1000 911 542 57 47 963 796 161 31 247 158 111 899 971 985 577 935 961 406 651 790 568
100 65 966 827 159 632 921 30 512 544 116 528 72 44 142 923 161 166 209 376 283 224 678 741 339 760 453 768 866 540 656 258 541 456 694 260 761 668 517 992 907 473 784 119 67 401 512 905 34 854 133 393 789 395 949 471 834 796 402 912 848 957 852 481 217 472 120 203 553 275 363 924 950 668 559 574 593 4 947 757 901 128 228 613 46 110 913 608 873 505 246 179 596 144 699 914 190 488 586 273 163
100 560 943 23 558 97 359 436 443 418 263 994 804 753 390 987 665 506 531 867 680 999 258 342 638 276 877 945 606 762 69 158 854 759 759 386 690 746 107 937 952 632 511 242 725 787 762 231 438 766 960 389 966 560 992 259 956 615 755 910 698 567 948 257 592 680 397 77 236 759 441 954 171 34 876 862 893 889 97 741 829 965 419 454 253 299 12 16 378 441 763 768 40 53 421 89 618 493 709 426 165
100 601 419 997 466 242 672 852 939 514 998 491 327 516 226 629 315 689 246 48 360 590 658 25 513 30 801 739 593 795 856 779 513 387 110 769 707 881 130 921 568 221 921 462 65 183 100 986 802 307 385 927 718 291 308 978 827 700 534 829 323 88 499 598 817 708 921 286 493 573 596 469 227 661 761 514 699 599 592 3 920 63 866 138 647 5 43 403 902 390 511 708 674 808 48 185 26 773 668 150 643
100 397 309 83 142 586 278 603 328 823 419 374 620 113 241 374 189 162 326 41 418 585 542 108 291 834 165 55 997 351 903 842 349 265 79 48 805 392 892 399 293 236 48 328 270 183 984 374 867 277 966 59 163 74 67 819 756 520 799 667 382 418 635 763 719 111 854 310 261 802 983 141 860 421 100 595 216 14 811 950 549 863 170 794 94 934 585 819 486 449 806 113 136 757 914 864 407 535 339 829 206
100 908 936 188 434 488 726 605 608 818 959 154 835 548 978 160 445 707 34 811 955 696 789 260 714 899 19 329 392 94 444 842 491 76 948 345 384 233 302 678 226 768 7 72 615 974 488 194 345 852 132 882 824 739 893 809 798 594 756 604 711 609 523 725 342 882 685 714 323 726 285 258 546 309 567 119 896 213 879 152 766 253 341 838 790 669 65 66 498 640 435 847 169 200 731 135 525 635 522 448 453
100 715 920 902 197 845 276 711 508 872 599 346 295 843 502 98 980 577 883 323 218 157 307 259 2 167 141 585 523 869 411 993 747 488 577 98 603 639 403 411 142 911 461 55 710 939 798 639 430 436 698 746 888 627 207 71 958 28 924 887 667 390 790 83 987 85 550 822 77 434 533 788 831 223 169 631 320 897 301 11 408 690 903 15 178 712 131 356 388 32 977 407 924 760 771 728 443 171 150 380 628
100 113 604 867 808 491 38 922 904 686 813 317 694 693 682 982 796 412 423 532 48 919 604 65 936 729 190 194 524 761 303 162 142 258 116 562 462 896 173 468 854 154 218 632 495 955 857 879 364 698 651 283 113 333 398 119 986 155 177 443 508 780 684 105 306 36 716 508 748 725 3 657 652 696 363 603 20 483 68 25 517 340 938 757 902 259 341 426 572 899 594 997 459 665 505 491 113 720 509 230 146
100 989 968 54 128 416 241 703 770 402 220 912 639 556 893 310 233 662 343 997 14 661 309 896 495 499 44 495 256 661 442 828 427 692 39 593 81 159 854 689 787 12 11 358 907 534 566 797 110 675 461 789 98 337 640 267 395 210 351 28 645 239 421 982 7 472 698 580 768 445 54 805 254 262 102 233 739 738 512 182 191 460 288 896 981 353 953 838 137 402 927 1 474 861 379 111 382 472 995 550 543
100 841 749 845 217 617 184 694 508 301 445 778 618 30 592 719 294 14 181 73 302 787 2 668 854 909 332 506 402 327 710 122 310 617 728 319 608 763 973 53 43 421 310 137 295 639 746 843 997 327 505 59 853 237 573 705 772 754 757 723 327 668 97 99 993 562 276 50 195 412 583 122 2 499 828 839 328 394 783 707 636 328 142 934 68 687 166 154 473 538 767 995 458 66 960 35 566 784 634 789 740
100 639 117 736 680 246 321 3 774 529 637 139 656 206 439 469 959 827 734 707 383 227 283 676 932 643 717 262 632 314 166 731 86 950 825 623 9 501 949 796 687 469 911 376 263 263 792 109 238 265 261 427 297 165 814 342 909 77 970 942 178 578 183 33 410 196 973 561 425 945 853 701 379 918 57 281 409 794 282 727 392 334 740 10 356 602 824 860 563 135 592 39 853 951 291 684 132 67 542 880 175
100 429 871 464 737 959 283 420 793 388 773 132 314 436 887 782 712 572 280 16 852 771 800 615 87 891 390 614 397 532 638 729 664 859 795 117 508 601 438 627 120 56 743 722 268 204 459 381 489 50 748 903 544 360 29 739 20 179 729 738 589 813 824 738 194 380 802 887 194 238 971 977 962 66 157 239 188 911 709 52 71 434 301 569 127 448 545 441 328 889 184 703 9 163 526 307 893 839 372 546 457
100 612 20 135 807 124 820 135 247 232 649 908 440 976 628 268 885 929 998 105 370 419 377 89 581 411 3 262 487 720 87 633 790 944 406 594 660 393 644 769 380 637 948 152 732 506 430 141 56 545 509 249 805 94 118 893 736 570 45 19 495 312 92 623 880 2 273 384 279 566 760 59 301 865 345 828 908 653 835 725 567 903 712 145 286 254 638 644 435 398 373 159 869 189 432 531 580 120 244 574 255
100 33 655 336 780 479 843 341 771 286 553 578 210 706 592 562 48 450 605 413 260 645 285 306 277 462 705 700 157 380 741 651 258 508 518 194 143 941 561 430 713 801 849 201 916 188 589 695 20 752 147 232 915 728 727 711 385 763 125 957 224 952 279 979 737 445 165 398 69 131 433 567 616 847 157 117 315 118 178 403 572 513 209 889 105 141 496 317 474 397 965 956 625 864 662 823 653 466 181 307 742
100 522 400 463 479 533 844 276 633 341 356 295 383 536 732 411 273 347 875 127 956 995 575 622 160 330 906 626 271 906 694 750 962 985 138 447 587 492 404 756 133 882 341 754 902 80 768 262 45 200 500 774 64 344 764 992 697 630 777 740 842 241 49 464 64 697 258 246 607 38 643 736 139 852 485 542 162 757 848 487 266 621 256 461 479 577 742 37 54 247 199 374 108 680 90 717 828 182 128 573 69
100 784 168 566 770 859 942 510 18 671 62 183 195 504 978 743 315 542 336 935 448 912 860 482 91 572 214 21 196 336 253 315 355 727 410 880 208 535 731 579 965 944 665 355 420 170 650 267 79 216 994 807 449 72 262 843 509 954 87 850 78 132 108 293 328 133 564 919 502 669 381 56 150 628 175 644 468 995 64 671 956 664 689 703 642 639 686 890 370 333 841 447 585 865 168 139 972 865 974 600 351
100 467 953 773 989 741 733 43 992 341 241 21 670 894 37 480 169 426 199 15 212 591 599 181 983 507 677 361 890 73 688 466 73 87 761 233 681 493 919 45 111 135 917 867 303 345 789 664 397 968 635 48 395 505 441 161 451 791 173 146 594 781 715 459 26 90 204 174 454 978 590 111 324 120 740 510 903 123 320 553 846 871 541 962 788 114 759 337 697 453 567 444 266 178 409 17 726 388 980 855 334
100 858 201 5 579 134 622 487 821 706 237 667 661 40 613 861 97 274 627 769 936 932 32 256 927 601 814 392 256 536 76 379 107 528 114 659 435 737 359 111 301 5 672 400 616 332 703 165 87 325 969 418 700 713 1000 141 243 221 609 887 57 633 162 535 290 405 40 611 727 993 449 946 557 954 437 269 676 481 513 535 601 310 854 448 175 493 219 119 183 833 263 623 590 652 148 291 422 71 175 555 469
100 184 491 593 471 540 969 896 196 845 550 784 119 923 63 65 41 125 686 786 173 970 191 726 737 482 826 717 8 183 705 955 282 42 995 231 602 252 118 593 565 307 622 251 325 715 173 417 488 325 991 734 536 70 387 97 154 889 576 545 109 241 831 645 898 15 818 911 490 673 11 147 766 841 789 764 854 294 368 487 129 894 235 485 73 468 551 622 852 139 790 657 410 782 637 699 823 998 893 419 104
100 955 455 414 270 979 549 129 0 573 21 514 568 796 459 44 597 808 101 938 19 855 373 383 593 732 289 640 984 967 855 179 456 393 202 491 753 523 256 792 874 572 781 877 838 416 466 18 637 694 469 252 950 91 819 11 343 948 885 106 545 182 693 759 757 768 453 777 985 122 917 251 547 884 787 795 520 321 127 731 255 633 218 602 596 820 781 133 647 23 712 914 312 644 507 145 76 849 669 413 287
100 752 146 884 499 538 771 246 397 502 208 261 427 49 534 606 347 189 513 733 219 658 573 109 813 557 293 256 47 700 387 277 911 663 769 983 297 654 447 849 744 667 916 296 518 738 376 601 557 697 95 88 116 90 777 418 549 24 136 801 854 668 648 239 172 379 794 329 682 58 989 984 310 405 865 613 194 869 629 13 666 892 540 542 415 178 319 361 209 789 446 454 348 420 407 378 673 401 214 470 980
100 968 462 841 970 698 495 784 482 590 526 716 983 490 632 2 66 927 180 220 228 863 781 844 497 919 941 977 801 677 559 277 668 924 921 7 377 447 875 458 202 796 86 938 357 641 799 566 661 558 22 1000 772 987 85 692 161 702 309 702 151 464 157 478 314 450 894 323 143 283 488 947 519 878 594 35 803 434 997 583 260 503 130 936 958 862 268 513 913 679 339 578 355 984 493 767 722 291 412 717 137
100 865 229 267 678 150 482 181 837 582 522 732 6 416 799 463 469 447 304 504 294 884 427 361 118 500 691 412 375 337 90 559 220 319 76 867 192 732 533 720 41 759 376 473 730 484 47 517 740 878 794 438 886 934 67 324 728 754 737 489 834 172 548 486 570 771 96 828 694 572 547 217 428 332 778 189 206 342 711 862 174 169 819 690 136 940 280 544 563 859 483 833 195 222 377 878 676 954 478 901 439
100 353 177 802 322 241 716 735 947 640 12 375 233 861 596 460 411 67 839 326 690 183 909 894 719 990 154 934 185 73 511 780 986 324 120 480 213 795 810 102 694 415 982 446 899 321 940 774 967 834 426 149 964 951 893 860 59 240 319 454 275 139 256 216 310 744 308 551 904 522 375 266 470 125 850 73 852 219 938 904 692 783 543 810 87 168 185 85 799 845 814 96 730 349 157 970 836 581 393 358 26
100 457 631 880 241 319 682 346 304 802 837 974 781 684 752 466 905 390 148 760 755 56 69 434 745 403 583 850 232 382 144 353 139 920 262 375 530 127 285 578 126 420 185 430 414 25 618 460 459 240 923 976 940 977 128 783 21 385 666 272 314 457 412 373 446 409 123 429 981 25 371 312 693 519 315 32 114 309 225 535 639 38 723 495 813 151 786 171 838 477 817 231 388 623 760 701 666 546 160 43 573
100 504 466 552 185 37 615 745 459 553 772 920 421 653 268 927 452 952 713 91 633 0 295 593 943 366 45 200 727 43 939 183 121 62 289 700 994 279 335 72 965 819 691 563 625 87 163 998 337 165 275 349 646 23 65 53 587 811 864 191 510 187 850 320 835 224 915 447 592 544 516 330 254 122 188 977 114 555 336 82 430 747 367 660 1 618 387 545 839 212 937 7 897 618 135 505 216 459 390 511 600
100 434 437 968 372 844 80 905 469 326 698 621 26 55 297 668 113 159 299 411 319 616 599 424 881 875 841 636 539 391 800 93 700 390 967 492 953 382 568 247 821 965 236 730 898 855 961 587 364 590 294 482 819 901 391 34 129 392 918 46 509 930 804 248 806 325 54 913 549 585 39 439 836 168 390 285 745 985 398 992 399 446 282 956 831 459 974 250 268 727 435 275 648 940 350 532 719 307 683 850 978
100 838 399 435 599 514 685 762 487 900 671 966 378 219 292 535 585 943 326 151 525 746 51 560 53 967 422 586 284 112 748 482 322 66 932 85 209 158 190 505 606 331 495 750 950 969 646 84 449 263 198 591 661 505 943 950 885 489 599 25 197 346 735 493 21 575 294 535 159 381 737 717 608 394 203 512 877 859 618 783 673 520 75 723 97 266 294 250 740 492 23 481 911 857 392 15 67 593 678 828 531
100 111 1000 701 689 500 922 268 508 542 238 539 457 714 208 653 381 9 35 810 338 217 565 572 116 858 83 433 941 566 610 296 637 862 931 604 264 924 561 939 124 429 554 69 879 78 377 35 959 363 606 834 617 773 773 412 773 819 448 967 11 805 369 155 331 220 760 501 458 493 170 825 468 864 976 100 174 632 368 193 18 978 900 383 117 615 317 832 12 609 732 700 105 328 446 666 658 107 63 987 976
100 73 770 783 377 804 348 897 552 147 26 995 387 794 310 715 608 587 737 973 54 432 611 254 751 553 683 745 642 757 470 69 634 292 52 473 822 656 208 841 263 324 915 237 733 715 185 991 346 315 19 381 818 983 349 838 825 896 711 725 905 374 813 955 688 777 159 572 805 197 547 426 666 202 43 929 887 558 450 149 759 882 599 65 760 818 640 627 665 711 281 168 133 389 882 223 591 389 846 868 726
100 618 548 732 563 942 463 878 991 18 409 711 468 960 276 382 838 499 72 679 512 921 135 795 58 93 837 400 713 576 981 506 164 908 318 238 480 7 183 97 847 919 19 61 66 29 248 120 201 143 211 348 584 500 70 309 119 429 324 430 673 327 595 941 756 992 685 468 94 286 340 655 912 766 606 129 574 248 416 89 118 976 697 193 666 369 780 666 107 198 312 191 201 880 770 549 616 430 943 969 594
100 615 432 240 533 658 7 973 304 688 177 828 563 993 847 940 76 441 306 524 896 113 504 245 571 149 452 923 380 229 708 682 783 414 153 540 87 691 762 426 429 789 622 757 244 261 433 148 203 134 589 12 216 342 369 887 127 475 419 488 890 974 270 284 987 732 661 335 539 484 850 236 703 264 780 927 198 65 734 862 594 246 431 608 357 929 189 5 268 714 935 266 210 667 597 169 519 390 697 741 933
100 662 822 404 411 182 569 78 575 571 316 819 159 744 441 719 147 329 964 475 857 888 243 294 802 252 357 332 881 708 109 150 923 561 366 611 817 954 380 801 575 559 628 91 566 323 825 42 770 44 52 48 883 291 174 971 314 5 246 479 990 695 102 522 660 434 754 527 217 343 772 790 129 255 507 646 132 377 971 964 822 118 960 556 857 800 748 783 301 480 569 387 444 316 381 492 472 236 952 278 644
100 309 703 446 824 689 306 401 552 724 348 316 302 564 859 483 160 960 239 735 633 663 529 747 11 278 552 856 445 788 859 978 167 198 198 900 222 972 296 24 575 449 786 11 962 185 33 664 649 228 450 681 545 519 438 561 354 644 568 452 133 405 979 635 152 898 199 626 601 434 733 79 987 229 111 536 466 380 534 183 936 284 762 749 49 561 693 25 756 27 89 949 261 607 83 393 625 547 792 537 542
100 720 173 359 910 567 641 738 740 363 871 458 974 961 688 672 26 144 493 688 833 894 863 137 712 876 956 226 719 579 177 338 356 648 168 739 186 6 937 945 39 437 868 418 132 95 932 992 38 942 475 938 828 781 586 84 914 46 484 718 307 155 331 243 768 326 605 687 268 702 826 12 27 766 64 783 227 715 790 790 144 925 613 410 527 81 579 528 460 812 401 813 214 562 119 513 171 428 773 456 178
100 245 324 838 880 821 11 930 272 286 60 672 555 914 16 596 598 514 775 565 595 885 74 544 826 776 505 77 676 371 130 520 992 492 389 608 420 19 500 557 962 268 714 838 597 886 540 153 371 693 168 375 384 865 290 697 114 793 145 892 20 988 45 341 237 660 587 674 96 556 380 635 745 324 705 64 505 196 907 368 621 584 1 87 192 389 637 438 56 541 680 385 662 611 852 628 582 755 828 244 487
100 411 989 788 661 756 683 237 896 350 783 841 520 210 91 629 52 91 275 645 941 474 986 881 204 611 250 95 105 949 808 609 857 449 910 254 960 382 709 861 628 874 24 501 346 339 577 819 389 956 869 927 110 963 209 989 224 761 473 276 977 975 142 348 811 694 402 930 281 188 187 926 124 217 369 475 418 259 393 772 948 377 6 89 488 754 298 121 17 258 580 394 280 878 523 726 399 292 203 247 701
100 886 425 48 182 386 72 606 569 955 798 405 326 891 504 950 384 826 1 681 699 125 576 527 537 912 84 958 303 302 967 691 773 645 803 494 650 761 646 322 368 72 275 804 158 568 654 263 138 722 422 939 259 472 376 220 457 952 133 238 989 953 997 826 511 782 700 318 801 731 863 996 77 147 763 104 95 577 924 463 84 394 432 766 342 275 104 247 292 237 51 991 417 582 470 653 133 218 527 999 433
