50 47000 47500
1 929 
5 965 974 936 986 946
98 944 923 959 933 908 937 984 934 914 965 988 965 932 945 976 988 966 969 991 942 970 912 942 909 901 975 917 911 948 971 922 988 948 997 908 926 974 973 922 927 913 961 946 997 925 934 925 996 905 919 943 909 921 967 988 902 997 932 946 989 935 941 960 946 954 989 907 945 995 901 932 958 930 965 999 939 942 930 984 954 921 917 981 901 981 923 982 946 935 933 957 932 926 938 963 991 901 980
21 908 928 982 998 996 916 933 925 956 937 908 975 967 900 936 939 921 926 922 913 961
94 947 941 975 992 950 904 946 936 983 906 964 902 966 911 901 990 989 913 902 998 935 967 929 923 952 928 929 944 917 964 985 921 959 975 995 963 925 941 933 953 935 984 935 995 919 923 984 920 913 973 957 996 960 1000 954 983 911 987 921 969 986 968 932 942 919 959 918 984 953 905 929 970 996 918 969 977 932 970 907 939 935 965 959 951 920 909 994 911 963 926 962 905 933 991
50 914 931 965 945 902 911 957 963 968 925 988 913 932 989 983 958 989 992 907 996 989 903 992 948 933 966 951 940 990 978 957 935 983 970 987 959 976 972 911 953 934 941 954 921 904 929 942 999 908 921
16 957 986 926 946 968 913 982 999 994 941 990 980 945 961 939 963
31 962 985 925 940 995 906 963 957 945 918 919 903 927 996 905 938 977 985 950 933 988 979 916 939 981 917 960 902 992 943 981
46 967 912 928 992 927 922 996 932 956 904 983 952 978 953 913 932 983 907 904 907 944 914 927 943 973 941 956 933 971 930 947 970 917 915 950 902 955 976 922 911 975 971 964 940 990 966
76 955 996 993 970 998 958 944 935 950 943 998 936 966 990 961 911 955 913 962 963 959 937 969 911 987 916 913 986 982 952 930 958 1000 947 967 944 901 990 950 994 986 982 929 958 901 935 954 915 911 1000 923 921 917 901 912 965 952 982 986 913 943 987 930 979 991 988 962 946 938 903 920 915 920 941 974 997
69 935 951 917 988 932 947 906 989 988 968 946 929 926 920 958 931 985 908 925 933 928 960 989 939 1000 902 922 938 989 958 910 981 949 912 900 991 962 904 994 909 958 972 968 938 963 909 978 939 947 903 901 996 940 977 962 984 946 966 986 916 998 919 991 942 991 951 936 941 946
61 921 996 948 918 918 985 961 932 957 989 962 984 952 969 945 950 973 939 954 948 993 961 949 909 934 914 982 986 1000 982 917 979 971 986 900 920 957 905 961 985 923 953 966 901 934 913 951 922 947 901 990 908 969 903 947 960 956 990 913 966 926
75 942 975 987 921 971 958 976 923 903 909 914 948 914 900 947 933 937 928 979 943 991 940 900 969 951 996 936 959 978 974 946 991 946 1000 969 960 952 929 998 952 943 958 968 968 981 934 952 915 917 935 969 912 909 930 956 997 974 902 944 930 991 971 926 970 996 989 958 945 944 965 932 944 954 929 964
65 955 990 969 916 935 980 900 956 926 982 913 907 908 949 947 981 982 919 949 977 975 998 996 923 919 932 945 928 903 928 910 968 904 999 924 977 993 952 994 935 961 956 1000 947 906 930 969 995 926 911 918 943 976 943 941 971 996 911 924 989 967 900 962 954 963
74 995 903 960 932 906 946 902 968 932 917 998 961 997 970 953 925 998 959 1000 987 921 930 916 924 900 985 969 914 922 946 983 993 997 926 919 912 919 917 922 940 994 983 941 972 915 921 931 921 955 901 964 984 931 927 962 952 907 997 924 925 925 926 914 941 950 944 971 903 975 989 988 967 946 985
43 966 942 947 917 974 928 958 902 917 930 978 969 974 939 924 986 923 960 937 907 952 958 978 982 969 929 989 963 917 942 957 937 985 931 915 910 935 962 929 990 998 936 910
55 947 923 909 968 912 968 993 929 935 902 976 922 906 944 979 941 917 934 953 906 902 947 965 994 915 936 928 997 961 974 1000 901 939 925 953 957 993 933 902 927 959 949 991 904 922 915 944 976 995 936 911 937 902 986 928
49 927 973 940 977 992 978 917 955 949 918 906 946 914 921 943 955 948 962 997 960 923 973 912 938 914 938 900 956 977 929 936 925 959 936 940 904 984 973 979 929 909 942 992 954 989 932 910 998 997
42 973 956 959 988 987 991 943 947 904 977 970 992 970 947 937 958 985 948 969 999 962 907 1000 986 937 955 904 969 974 983 966 913 961 923 978 988 964 913 950 999 945 961
58 954 961 984 976 995 951 993 940 984 960 911 994 975 984 928 913 981 938 948 984 995 928 980 936 963 979 929 993 968 922 965 956 969 919 928 960 986 933 978 949 936 919 971 958 900 954 945 970 997 998 984 953 985 999 968 925 990 941
21 919 976 946 950 912 906 970 902 952 994 977 953 969 923 981 989 976 913 979 959 961
73 981 910 998 908 978 942 950 952 930 920 961 908 956 927 973 962 980 997 969 929 918 941 913 939 968 988 978 963 959 916 982 901 959 986 961 976 979 960 916 903 917 922 934 914 942 977 934 934 998 933 927 982 926 996 947 932 903 969 972 991 908 917 995 926 925 946 986 983 933 907 919 995 934
1 966
4 921 994 959 916
71 993 919 953 952 903 928 906 977 905 952 979 922 927 992 981 968 940 960 927 945 955 966 917 969 954 979 937 955 918 940 952 985 947 952 929 999 959 950 900 909 954 900 966 911 914 996 907 925 990 971 977 957 901 947 976 986 995 966 900 937 991 973 921 945 929 907 937 962 998 978 965
44 913 916 943 998 950 978 966 941 969 998 977 979 939 980 987 909 921 996 984 990 958 991 1000 939 978 971 986 969 939 963 933 930 971 914 938 974 939 992 917 982 981 957 914 987
8 920 900 993 960 937 934 909 945
62 946 923 990 956 914 959 941 922 914 907 951 973 932 932 950 982 997 966 901 938 913 910 915 932 954 946 929 916 993 925 963 986 929 991 929 901 942 992 906 987 993 959 979 975 905 918 911 909 925 997 957 936 954 944 980 920 956 916 976 911 908 983
11 956 997 959 967 971 965 918 953 966 929 928
52 974 985 915 925 955 985 947 990 955 982 950 979 939 911 922 972 982 946 968 936 932 942 980 971 988 989 918 974 938 998 964 967 926 903 981 948 981 973 906 959 926 999 925 915 920 906 913 991 981 986 973 904
94 911 985 922 945 952 910 948 968 945 939 935 951 951 949 995 999 936 932 941 906 973 929 946 955 970 967 935 933 966 956 978 957 974 921 978 931 981 936 929 995 976 957 994 975 917 946 991 927 930 976 961 908 909 967 941 932 971 921 965 956 999 942 970 952 936 996 922 995 902 901 993 937 944 948 953 960 991 908 944 910 971 980 937 998 942 959 969 965 944 965 939 976 911 919
58 967 996 937 982 987 955 906 926 990 914 964 993 1000 941 969 990 923 963 958 927 956 909 997 995 918 938 952 941 948 901 926 936 945 971 976 932 985 934 911 976 919 947 943 945 949 923 951 930 984 944 974 902 1000 992 987 944 992 998
78 936 918 953 975 945 922 930 923 1000 949 907 1000 925 950 984 917 956 995 953 918 990 958 991 990 972 954 991 929 902 975 907 916 967 1000 955 953 903 949 951 917 937 944 927 911 944 946 988 905 968 971 904 992 918 998 936 902 925 991 938 901 998 990 903 979 957 953 911 915 989 913 972 956 926 903 958 961 954 911
2 917 947
95 967 930 992 959 970 929 929 907 955 992 941 970 929 948 997 912 957 909 922 998 953 950 912 929 913 960 974 980 974 957 959 966 969 972 984 958 985 950 923 909 938 944 910 904 931 992 984 937 983 929 955 910 911 938 951 931 935 951 979 927 917 924 978 960 918 919 983 959 1000 974 955 926 902 974 981 976 996 943 962 959 949 990 930 923 908 979 985 917 919 959 901 988 992 987 952
63 936 928 946 973 934 979 969 978 971 925 947 978 913 947 955 924 988 934 926 902 950 938 944 902 944 908 937 992 952 959 937 936 983 913 910 936 904 925 925 949 958 993 949 944 950 914 937 972 961 967 997 910 911 945 906 914 916 964 939 932 954 977 904
44 992 955 934 904 979 936 930 957 929 959 959 968 936 956 929 919 955 919 985 978 999 936 903 948 951 998 962 916 927 991 978 928 922 951 912 973 916 976 965 915 959 946 991 969
48 974 996 979 909 931 958 967 960 960 925 979 987 918 989 981 953 997 904 982 933 929 995 990 915 920 991 972 958 995 987 919 978 994 920 939 923 940 990 947 976 920 946 979 995 939 961 981 928
10 998 909 908 962 931 994 970 914 927 909
16 969 969 996 928 948 935 930 930 934 948 990 923 927 926 952 922
18 992 966 984 998 940 979 955 944 916 961 950 921 947 936 974 996 930 948
100 990 919 986 972 984 942 947 995 919 961 973 906 937 995 974 955 995 974 977 913 923 929 912 909 939 956 902 947 918 965 946 985 915 925 938 914 963 935 929 959 966 900 998 910 920 910 951 980 929 968 915 913 956 925 905 951 929 997 941 924 999 920 941 983 999 926 973 970 921 932 953 958 952 977 951 962 934 960 972 931 972 933 943 936 983 948 923 936 986 988 980 932 919 945 923 926 936 949 997 948
70 945 964 981 947 930 929 985 967 986 967 979 948 923 982 951 999 952 903 999 976 945 912 964 926 990 945 933 953 992 983 907 946 901 910 916 928 989 901 952 905 905 984 951 909 910 930 952 942 900 958 918 964 923 965 971 937 902 977 923 986 913 966 945 931 906 957 919 921 913 908
18 950 962 969 901 969 919 938 911 988 989 969 980 951 998 948 932 936 905
88 925 976 987 989 949 969 913 903 1000 987 980 939 916 952 910 972 977 965 951 921 927 967 934 987 926 977 990 960 909 915 969 990 966 960 919 979 934 960 903 940 957 959 994 951 959 992 938 981 994 937 911 955 960 920 927 905 930 947 933 926 936 929 995 901 993 907 996 931 973 971 948 909 944 959 959 962 975 904 994 997 944 925 945 965 973 917 953 953
43 940 1000 959 908 965 915 946 995 936 938 1000 930 924 933 969 916 954 911 975 914 991 966 965 928 933 930 924 972 995 990 984 916 979 943 998 914 942 913 988 943 972 921 977
2 926 950
37 963 997 967 966 923 940 953 911 932 912 953 953 900 902 943 945 977 992 996 976 976 914 917 991 975 956 938 910 910 953 928 928 983 936 982 947 989
20 943 919 976 930 921 914 962 951 948 902 977 998 928 936 968 911 936 922 938 928
68 981 910 935 1000 935 973 903 906 942 918 958 924 926 965 917 989 913 998 918 923 980 905 968 998 960 963 967 934 943 942 938 986 959 950 912 929 942 959 900 922 999 998 996 987 968 903 939 905 959 959 977 939 963 916 904 939 972 992 906 916 928 953 955 999 970 997 956 950
