10 3 4
63 828 200 879 284 333 724 679 0 316 154 623 141 944 706 425 996 694 752 881 931 72 27 836 659 195 990 11 310 629 891 939 267 404 758 30 555 887 524 605 275 881 666 151 716 81 663 489 956 541 800 199 467 245 440 555 714 697 294 928 393 848 157 811
72 662 148 300 267 226 671 272 956 235 901 687 622 351 703 903 255 253 717 593 153 543 889 498 835 176 557 223 9 120 205 811 816 273 545 383 373 654 368 179 16 876 276 143 74 541 118 928 936 402 751 933 975 696 907 602 639 102 389 112 977 346 394 868 241 909 983 172 335 14 729 513 318
55 841 59 146 827 325 836 22 869 351 808 157 180 225 708 148 192 692 579 679 650 415 290 897 441 107 684 144 503 107 627 0 14 77 868 679 464 438 619 627 556 730 537 260 302 770 169 578 998 457 628 350 201 375 613 784
5 573 180 741 652 317
37 937 464 680 843 201 359 438 711 569 850 388 278 883 943 433 494 444 735 499 715 971 258 294 962 815 504 904 208 449 796 184 585 188 76 984 829 890
68 145 355 80 293 578 937 433 924 613 466 962 945 91 511 502 690 445 183 494 602 420 12 644 444 337 72 956 515 54 836 59 955 97 492 52 891 695 720 322 928 186 559 756 270 449 515 862 173 7 474 447 948 319 108 939 941 654 368 642 179 184 424 910 689 372 329 802 103
89 67 615 261 160 571 484 466 770 407 774 717 486 866 398 433 569 731 994 769 89 812 508 663 50 92 78 579 933 867 433 967 851 942 913 131 926 55 246 396 351 736 589 364 40 978 799 276 80 844 22 338 933 760 418 36 416 721 575 166 475 394 526 864 609 163 99 730 635 851 557 91 993 641 33 498 600 601 257 448 144 237 689 499 683 288 658 644 198 864
49 372 610 299 533 401 212 562 702 646 730 457 340 405 587 383 272 682 329 853 757 545 56 741 653 722 28 926 483 390 524 860 427 503 324 293 126 494 253 226 758 884 249 4 902 621 730 260 779 467
24 452 974 424 83 200 260 746 704 723 245 446 852 686 988 410 750 944 955 840 862 284 773 354 42
79 573 414 406 436 464 728 20 547 23 802 398 549 324 642 275 962 980 814 179 883 266 469 200 88 735 733 678 263 930 252 371 95 484 833 460 523 138 469 630 138 191 910 520 998 189 363 602 246 115 267 829 966 958 311 393 896 295 780 408 511 953 72 812 33 285 642 478 863 564 475 125 276 781 358 270 533 741 460 165
