10 0 100000
19 616 923 410 881 1000 248 22 287 490 886 910 554 981 815 343 291 435 801 240 
84 405 635 526 137 285 567 456 870 381 120 534 334 96 427 868 728 478 873 35 943 559 776 395 847 957 295 852 939 56 396 150 473 181 525 62 552 885 136 155 384 509 871 169 369 493 872 982 902 562 498 231 292 953 472 585 262 885 724 649 735 388 851 28 862 657 419 103 61 640 15 821 583 719 611 999 610 941 403 552 151 395 910 448 448
49 170 837 666 814 951 423 781 264 819 237 94 6 102 706 302 172 770 224 602 239 90 914 941 351 15 371 427 139 422 653 970 582 164 297 632 183 708 874 191 872 294 157 221 98 911 151 545 885 168
30 866 194 991 927 517 836 875 409 408 471 253 908 780 883 228 503 986 617 518 43 297 466 526 619 242 533 436 100 174 241  
48 452 250 512 405 329 280 611 516 389 865 292 495 990 633 638 920 612 638 522 889 993 408 350 311 142 843 854 984 677 328 261 601 799 3 662 988 657 520 500 108 720 173 837 197 65 391 323 691
2 228 156
73 597 616 29 147 989 47 861 384 801 393 493 971 184 967 808 453 418 467 663 414 212 470 828 150 641 122 594 896 396 808 407 311 96 899 539 171 881 887 864 3 561 201 57 118 917 471 1000 936 274 773 842 406 699 953 304 15 555 382 692 601 737 223 350 258 724 780 147 441 624 498 687 821 68
20 533 528 470 365 502 101 618 122 962 602 267 153 502 677 22 151 84 907 760 309
88 434 462 219 102 688 933 839 918 268 17 130 515 121 592 635 703 464 420 248 691 87 893 94 986 390 671 591 83 766 159 78 927 791 17 639 233 372 834 52 232 310 821 568 805 483 798 895 680 120 578 416 204 651 305 648 299 335 165 767 429 628 837 15 48 824 399 891 14 53 40 220 92 920 904 682 87 178 991 226 810 423 756 384 329 967 80 664 51
65 379 898 549 241 783 423 824 867 459 578 567 424 217 103 359 15 926 980 195 93 303 373 729 647 826 497 73 165 590 805 262 764 9 225 881 209 718 387 178 502 758 773 77 872 715 857 753 695 45 623 422 388 899 166 950 424 868 877 680 466 944 970 671 396 558
