52
-811
-931 230
-69 -678 760
815 408 300 979
-882 338 -949 788 384
-744 447 -771 77 659 -141
-635 545 883 -512 -375 -672 -400
-977 -222 -4 -555 387 650 373 -599
-717 -281 640 453 122 756 645 -482 605
462 552 -507 405 -107 -689 -12 947 -375 638
538 642 790 -526 -849 -358 -607 -980 70 -453 -178
621 -60 -484 598 -272 -317 137 363 -696 -235 -936 990
-765 143 960 -525 26 -211 -939 -953 656 518 787 940 895
740 300 943 -766 669 570 -271 286 214 6 -412 928 -798 556
915 58 -549 952 -105 -523 -99 898 -823 571 -801 994 76 -996 773
-270 204 -627 920 -428 432 947 661 -335 913 194 -466 126 -523 657 250
-24 -438 449 -895 -734 127 247 -157 -57 -574 -477 -360 -801 -615 949 -855 264
433 -733 385 -238 -990 -510 -682 710 797 -915 675 367 -537 43 726 509 -64 -319
97 -782 777 -679 505 -109 44 -911 910 729 -366 362 33 56 136 -215 -750 490 197
173 307 756 934 369 -57 -251 179 777 679 897 -740 -825 377 132 -990 444 -337 -110 623
-769 -805 71 -353 -328 -947 153 -809 395 359 530 434 491 -314 60 61 -77 913 -363 621 796
455 567 -572 773 -687 -98 749 -790 749 -193 638 -384 -27 976 732 -116 -968 807 312 647 -390 176
-961 900 -697 -64 -451 810 517 -407 -5 -111 -287 795 762 -738 -819 888 579 -369 -805 -281 -372 239 119
-652 -302 799 -985 173 -274 212 201 874 890 -943 -454 462 291 510 -63 916 509 -271 -791 -862 250 406 77
-373 103 -639 -650 539 -906 -448 -784 -890 307 -859 58 -365 464 762 -474 887 968 883 333 -699 288 -261 798 34
-411 -403 -617 439 -995 626 -534 471 603 -914 554 -859 -468 623 -495 543 -672 -156 227 55 205 -810 -516 -4 -6 504
-941 -476 -455 -585 300 329 941 -391 520 853 -651 595 -473 -108 -83 -199 526 457 -380 -199 -676 -72 -495 -684 555 -597 358
-967 -21 -533 603 370 638 453 -213 4 480 182 385 622 -399 51 -560 180 -715 736 644 -132 -563 -289 -679 -669 834 976 -537
-219 -632 433 -111 -5 -281 83 86 762 882 421 -748 -193 462 431 -833 922 230 825 573 114 324 475 -455 -752 183 -141 -406 250
728 819 280 850 -291 -517 -730 234 -111 366 -672 -740 388 443 65 796 -281 156 766 -306 762 -245 362 -831 -604 -715 569 711 78 774
-611 -95 650 -383 -586 -878 380 -942 658 -52 12 871 928 620 -300 -2 -931 -151 -12 -34 437 -498 -974 199 -172 -50 -676 -622 -52 -648 142
176 -34 697 458 -337 105 -257 261 854 345 189 736 645 -90 -87 -742 -94 -271 -703 863 599 -887 -823 206 -33 -64 -692 -961 775 585 -773 27
-227 -730 -924 -735 -363 749 -66 73 777 -933 595 -173 437 -371 549 429 -364 -999 -76 741 -393 651 -626 221 249 -380 -152 507 386 986 -364 694 -994
831 -233 122 397 -307 513 663 -600 -780 -73 652 -923 172 208 485 -949 -708 908 -240 573 -913 63 924 854 438 -844 922 924 -131 -545 -92 832 523 465
915 -6 791 -487 -843 983 -990 -822 -413 944 187 605 -227 -306 -552 218 -87 330 -96 -247 824 661 662 -148 58 -559 -702 -129 -909 640 446 -213 -225 -802 -135
-844 950 -301 699 825 -326 723 -746 -616 -534 389 -596 -33 -148 -559 871 439 752 604 584 -624 825 -160 311 -120 206 662 -888 847 -425 2 -265 437 -79 467 416
-877 90 144 -964 927 268 970 291 -566 636 -158 -380 994 641 590 -444 964 887 488 -409 -213 -958 206 697 511 73 431 441 702 316 792 81 319 -431 122 -409 -460
560 -689 -409 785 -874 16 170 -657 -989 791 422 -231 166 98 -918 -482 731 -451 -365 208 -79 571 175 790 -979 -976 537 -935 -338 357 540 -307 552 -935 -380 617 -441 -414
-602 -379 945 481 -211 231 -535 -887 -529 281 404 570 -887 510 -582 -108 731 895 -275 558 549 503 45 735 565 751 -103 310 -455 -608 62 183 -927 521 293 314 -759 -173 -619
-823 -675 -501 -245 697 520 462 -245 28 -492 -483 -812 -565 46 240 160 428 262 199 -689 47 982 -592 -838 862 299 337 -908 484 140 451 -189 513 396 -790 -932 -643 -386 -903 29
308 909 -35 -486 158 -454 -770 353 509 -375 906 207 -455 -394 -934 315 -190 320 -115 -591 357 480 780 -852 853 -369 -307 -996 -622 -356 393 -16 872 970 911 -538 500 -165 495 -20 -394
-992 -870 212 -809 -889 -798 -32 507 -312 762 -52 283 170 97 18 676 -450 -33 -190 -92 160 428 839 538 282 -899 -43 143 -833 358 75 259 134 827 -343 290 960 -200 -3 -163 -176 341
-469 -332 207 -7 789 689 -265 -158 190 -113 654 866 -538 530 34 598 -927 -507 344 987 -487 843 -702 -410 -764 -387 540 -396 257 -921 -923 417 -463 220 -343 -765 -438 355 -1000 606 857 -465 804
-413 18 551 894 530 -825 -959 693 -414 -346 577 -762 -565 535 -471 -336 -511 298 677 -881 43 616 805 -182 987 293 693 116 784 986 438 -554 -830 686 523 609 797 -73 861 974 -85 -661 -546 480
-688 -483 975 234 -25 -717 55 104 263 471 74 -240 -511 999 -689 513 198 773 -437 678 910 65 -996 482 -56 -780 646 -185 -975 802 713 588 -76 784 -563 -283 621 549 -246 348 -730 840 725 976 -190
-474 -603 500 369 -511 -230 45 -802 -787 -95 487 286 -140 -547 -169 -900 812 214 895 -896 -8 -716 674 23 -176 -98 264 -343 -252 763 -595 -576 -868 -400 -237 891 45 -359 348 -174 600 -865 -391 -738 99 -708
226 714 -599 -762 553 -603 -919 677 709 820 700 824 106 -912 476 -75 560 -227 963 458 -61 37 -512 324 -521 718 928 554 -262 263 -707 -629 -140 -970 -337 -839 -643 -960 -440 -198 534 952 -343 -947 954 -274 -535
505 576 994 -599 -499 169 60 977 455 452 960 -56 376 -722 -456 -339 587 151 999 -971 685 -795 -554 -436 -621 105 -57 -435 -889 957 -701 -676 -730 -357 903 408 719 -145 922 -309 320 -877 855 -859 571 91 371 -984
-400 -82 -483 -931 -124 -32 -15 439 839 490 782 -998 642 263 -780 699 -713 -63 673 903 500 -232 -604 -888 -392 -606 -673 -870 231 710 -350 -142 -158 975 -949 881 230 -696 -451 199 687 -861 -711 -838 459 677 277 415 286
-398 736 293 327 545 -914 280 277 -91 -306 -574 -800 -721 -90 886 655 -193 237 599 -331 -465 -876 455 585 -89 400 -867 -715 -81 746 -433 504 544 -622 315 -894 -597 -995 723 790 704 134 9 356 -683 -474 750 -568 -272 -8
-441 912 -415 -774 -889 350 -592 -977 -558 -753 -790 984 71 -606 67 -663 -969 -118 -618 457 366 118 760 54 288 -846 -272 124 -975 -451 775 -563 86 -423 774 -317 411 -142 991 186 352 -101 -106 -191 -772 -874 450 927 -539 436 -726
-715 807 749 292 -736 -10 540 -159 -146 -737 -141 946 -748 873 -205 -556 -716 -724 -870 -960 679 772 -130 -537 555 -208 482 867 794 -620 -946 -330 19 327 -200 68 -448 -893 119 626 150 302 501 715 -426 -568 -768 -551 752 33 -782 -520
