140
898
137 -955
-799 988 -814
764 -728 -275 -22
582 46 8 -605 247
779 274 613 387 175 -117
-579 693 375 224 364 533 -888
-72 -304 -159 -619 -135 560 -231 -905
863 -146 79 297 -668 684 -613 -61 -64
120 -710 -789 -993 -542 -997 918 -295 -713 -653
168 801 808 -682 -324 444 -6 437 -691 -215 670
951 810 -399 524 -43 -457 318 -174 -803 -272 -528 -669
-929 -292 -603 318 138 -571 536 -792 -663 -587 -92 585 71
-571 492 422 798 69 693 350 92 -383 -296 -709 717 187 -975
-267 306 446 443 -162 -284 114 -4 233 216 120 -735 -209 50 241
-885 834 -137 303 192 366 -531 375 -267 -671 101 -173 -580 -891 253 578
452 499 -987 391 341 507 720 -453 -751 -327 -729 -686 -214 324 -207 -155 -107
-614 822 991 672 562 -219 683 513 185 113 664 -911 -628 523 375 -338 580 -830
715 -549 -526 -52 237 270 -51 675 -635 241 -868 457 -999 -283 591 -846 776 -878 965
361 583 -440 572 188 829 218 840 -763 -337 -385 476 -62 -366 691 -867 -353 47 831 -691
849 -125 -936 761 56 -626 -457 632 421 539 15 412 -829 934 -878 -189 556 896 -662 -936 285
287 881 -800 -705 -493 -915 325 378 240 -481 -61 -925 939 -201 -618 -302 699 -691 584 -940 762 107
-408 -258 -484 -328 262 104 -701 583 -486 -926 945 55 266 -354 -844 -212 -387 898 519 212 403 894 -434
-781 351 -791 280 365 80 -311 963 62 960 -638 761 -316 -604 -827 -84 -339 -119 437 -265 -830 450 -687 -345
-259 -806 209 -468 -156 -17 -312 616 889 933 -4 767 568 243 -9 -265 516 318 -529 642 294 864 -305 -895 585
132 -211 -229 238 -763 675 -511 622 -187 165 836 503 -431 360 768 304 -774 -780 -894 -144 -602 -93 -213 -484 926 260
950 -382 -444 -237 776 -852 814 954 -105 139 618 -865 -965 202 764 93 276 -283 149 -805 525 20 -991 -909 -463 226 -99
230 -2 -846 -192 454 230 -709 -376 -264 -126 -767 404 769 -338 -321 -192 997 -689 -849 -413 595 741 881 117 -866 248 162 329
49 -962 924 -227 -272 -329 157 -728 -845 86 -432 -34 955 -41 64 -461 434 -241 144 277 -563 -853 10 -180 -514 812 -140 889 -798
374 -365 -506 531 998 512 -902 814 987 -706 65 229 388 330 673 895 350 674 -734 -322 -616 182 -399 -874 -45 -76 -283 -314 959 935
48 -84 -684 -79 355 290 -890 510 605 -92 -485 522 -177 -991 -682 -651 19 -948 -546 -606 -984 -933 395 203 357 705 270 -358 116 -407 743
235 334 148 -119 -868 100 804 773 554 781 -109 850 -403 -316 -456 -711 -220 -557 456 950 -186 -853 124 596 -475 -654 -118 -824 943 -937 -731 -579
-651 11 -680 350 606 -905 -329 478 948 -178 968 826 185 8 -63 437 -580 -658 -276 216 44 -674 -450 -234 -77 988 -788 383 -636 724 886 -869 -632
-88 -375 -313 -107 -454 -514 -63 -920 -231 380 -419 391 243 46 491 397 286 921 -302 251 348 -863 -594 -778 757 805 26 -223 -686 456 -992 526 -314 -637
783 212 -617 250 744 -881 375 452 -490 518 363 963 180 -66 -933 -91 45 925 205 551 823 869 -596 -677 -425 195 -774 625 294 -230 -868 -61 -113 366 -188
-440 877 759 778 727 -659 -263 -299 572 -633 109 2 -820 797 -739 131 -723 600 -159 -819 -68 345 -952 418 659 -751 142 703 -494 895 -527 -926 -786 341 -352 61
-905 827 -394 748 -499 230 335 -347 975 -204 -466 -977 555 301 -961 -29 980 788 -889 -731 326 -898 922 -721 119 54 -776 -154 -232 899 -91 490 497 -274 -759 781 -716
-856 -788 38 453 370 227 -99 716 908 -614 -884 -212 -188 835 657 -408 -193 -683 -10 -227 -151 644 154 151 957 -803 -328 -660 791 363 -496 -736 -817 355 -301 -39 437 -708
813 -60 95 420 -44 897 317 -754 522 -947 -637 436 869 -281 593 170 -256 881 -910 -244 -557 350 660 15 -773 -145 862 880 -825 -325 713 496 69 -882 -793 24 -752 -157 -50
733 -942 427 -973 772 389 748 -377 233 514 -564 -344 -591 1 -440 -891 -319 -773 -780 628 -224 545 504 748 -136 89 -693 -382 3 -110 400 720 -712 -678 501 -768 499 429 952 59
467 713 -164 -787 -85 -320 -689 83 106 -553 309 73 214 736 -717 -535 -250 382 -701 24 697 -987 863 -696 -320 652 759 985 894 -340 -473 -22 -11 -299 698 845 -925 524 229 -379 -170
368 280 -922 323 394 -556 914 739 -731 613 194 -206 222 -680 -705 734 -998 408 853 922 -217 411 -518 -970 328 -624 347 -945 226 665 43 -858 342 248 241 707 893 -187 -675 214 -649 600
333 -173 702 -179 -410 -434 831 -450 128 -664 -864 396 269 -666 -463 -326 321 -781 -18 93 509 -689 -591 539 362 747 1 -941 71 964 -651 228 919 -482 496 707 557 551 862 -11 -203 -18 449
38 896 -581 536 532 50 310 328 127 -678 642 -83 -226 -472 -565 -614 -843 -971 -818 -891 -303 566 -412 283 114 715 388 488 -67 860 597 -573 -931 734 268 169 505 455 595 0 -712 -51 931 634
606 -96 -287 -524 468 44 -146 -896 -618 845 406 671 127 410 -187 274 -210 -516 114 -449 579 -67 545 -190 371 -994 -939 -951 -433 381 801 -66 -903 620 768 524 290 -508 176 -468 300 -747 -395 -827 354
-419 -163 527 15 503 -918 112 135 -956 -25 -325 -81 -31 -810 520 608 -642 426 -321 282 -356 589 977 -146 -853 -971 229 925 -607 -455 904 501 54 803 -876 -709 -602 221 929 616 -448 -823 -569 -222 792 792
-953 -397 347 617 992 589 -63 -768 -533 -312 -533 -635 -104 967 895 850 472 -505 -266 -516 -691 -787 268 292 -654 -693 412 691 -190 -877 659 752 -938 -268 -7 357 156 834 321 -374 -1000 856 161 -777 -836 -370 545
-925 -605 -643 -631 74 457 883 -660 -947 610 -557 -594 773 446 935 -206 627 -504 -37 294 35 303 756 -44 69 573 219 -453 522 -424 -465 728 713 -979 -930 -855 158 902 519 765 744 109 -29 27 -873 -126 -927 -68
825 -189 230 30 197 -35 -515 778 -517 -905 75 194 375 -903 944 343 650 -900 300 -77 -498 44 173 -169 875 -482 663 984 897 -445 195 781 -735 -30 -55 15 -110 664 -473 296 642 -791 -232 836 24 -563 317 -396 -708
-843 -186 -380 -517 -347 889 443 396 -674 919 -850 -327 -171 147 309 348 296 -879 -28 -969 308 -275 200 926 952 -186 -381 -85 882 -145 -292 -816 -941 795 793 -378 -279 189 -107 -352 -67 139 815 281 -492 880 842 -408 128 187
-750 552 -645 -224 -17 886 986 414 626 112 944 886 807 -369 87 -702 92 -5 -132 -650 -224 745 -832 176 -427 -144 456 389 849 -969 -664 171 -470 -856 -922 609 288 -974 -952 -860 326 -989 112 -49 527 387 -297 272 -167 -245 -129
-523 795 -79 -372 397 889 970 -626 -484 -391 191 408 -907 480 823 -839 37 138 -37 751 995 796 306 380 467 865 888 712 810 257 -704 -413 -265 631 -940 12 749 189 471 -182 568 722 501 712 -189 -243 992 492 -854 -425 159 551
266 -956 232 -240 398 983 -759 678 501 373 -702 18 -982 -274 759 39 616 -424 318 -385 97 34 -40 -194 16 753 -151 -543 771 -935 -368 863 -625 236 297 -397 -246 688 413 696 -490 648 748 654 -968 786 -223 592 -382 -760 -389 215 812
-768 -829 235 766 782 -997 57 -520 588 203 160 332 977 -367 491 184 362 545 630 898 958 -531 984 -734 888 -202 62 389 -941 44 27 -72 910 565 -745 827 616 639 117 -15 266 903 435 643 507 187 -688 -706 880 709 41 -26 851 198
-816 -348 725 -608 666 -732 766 -496 735 -688 -873 -969 684 -640 696 426 -793 -685 708 321 170 -410 689 688 -98 106 -52 -997 -145 276 832 -698 448 115 -959 669 -634 242 89 122 748 -253 -195 -535 -527 509 -527 825 634 978 -856 741 -535 -292 734
657 -482 337 406 -935 320 -865 -700 483 -672 790 244 -363 -929 -847 -195 12 -850 91 460 -489 -161 110 -165 404 593 -15 585 556 827 593 786 -180 486 -734 459 492 -489 842 331 -908 617 -198 548 -868 -521 -790 201 -772 533 622 -425 122 196 -93 511
-246 -495 680 -69 -542 -973 -662 -688 -271 354 776 -937 -762 173 -37 108 210 -342 878 534 485 991 -509 -930 234 126 -920 197 376 -879 217 283 874 116 -231 365 180 153 -440 956 409 -549 -389 -273 -968 -937 616 219 -529 543 322 288 -890 968 -637 320 -965
326 982 441 417 -761 -111 -424 -523 -801 -493 -380 635 -55 28 -126 -748 558 -466 98 -959 367 -388 279 -845 -635 921 -669 589 904 -688 886 -41 -875 -728 -686 -607 86 85 51 -74 -849 -881 504 -203 -624 844 -231 -80 538 -800 -905 -789 690 -909 -791 -327 -218 229
-933 -853 -691 32 -654 893 -60 -885 614 -636 809 -899 195 184 -589 851 -33 -149 -601 590 941 453 35 337 300 962 -751 -846 -765 933 428 -990 709 -703 901 -337 -496 41 955 776 871 105 134 473 787 -701 -923 741 -80 -338 -298 -860 275 -572 719 -620 -154 -530 -732
-97 395 854 -565 82 194 988 694 -204 775 351 -146 561 787 -506 -345 550 -74 -560 -948 418 364 -34 756 -484 797 800 -13 917 799 887 681 191 -116 291 -488 836 -398 -735 532 -32 -264 -291 849 -130 -380 629 -863 -697 -137 -115 506 -351 -950 -621 -714 932 -578 519 -77
973 487 -149 892 -795 -35 885 535 670 -354 103 -245 48 240 742 840 554 -112 470 992 461 318 731 -250 468 581 870 375 876 -351 -317 281 -313 137 295 -727 263 68 -682 -298 843 496 300 -651 -632 781 -878 -805 -711 189 -23 -363 199 -415 65 -431 354 687 239 948 -384
218 765 675 -725 46 598 -718 -139 -740 -948 259 342 199 147 -938 113 -29 -590 -434 641 -195 538 219 -935 -148 701 563 -837 264 -797 -570 -771 308 898 856 -796 545 477 526 -668 314 -97 352 -753 531 -986 23 -120 717 880 -589 -138 447 803 611 -568 536 -706 330 -911 -219 -3
255 -229 906 -227 719 78 447 -896 -602 -154 836 -356 -870 -675 -155 403 773 828 -768 -223 784 682 -351 -614 556 639 769 878 424 -240 -317 544 -911 928 426 595 505 294 -890 -35 -854 -173 143 692 167 -27 311 -53 503 476 -363 -537 -88 996 -238 -886 106 687 -276 -699 625 -240 -137
-154 -174 862 220 703 -106 -273 908 -94 -128 353 765 -305 290 -381 -5 -246 -333 674 -865 -419 392 -416 905 555 -891 -560 810 -229 664 -964 554 437 278 369 587 -664 24 723 419 798 332 713 478 -926 706 131 -31 -973 -112 -593 -79 -441 -764 366 -634 -142 -235 68 -282 145 717 40 401
854 -41 669 563 -671 -710 -971 -784 -371 393 -709 -170 -995 147 -498 276 -679 -201 -995 617 -608 -738 636 -447 256 -42 -178 276 -754 -436 237 683 816 -815 44 -188 666 -168 -184 470 -62 387 -553 -160 806 -236 661 -918 349 106 929 446 -314 -762 515 203 898 -151 -941 186 672 969 444 -935 220
-164 426 -817 918 425 -534 661 694 -528 -712 637 145 834 204 498 -340 -432 -292 21 -650 614 763 -320 933 725 187 634 -798 -311 -687 -718 836 -447 36 741 -674 -779 -940 276 760 539 996 547 -925 -314 160 -983 -737 559 901 889 -578 43 -686 -178 -284 991 -444 -479 614 -172 329 -258 884 -19 473
-978 -39 -53 690 296 354 886 762 743 -527 -561 -14 -705 343 -309 -478 173 592 307 296 806 -926 -275 -333 360 970 967 139 -863 -331 -211 -177 273 -588 7 959 -189 459 13 710 -323 194 954 -271 126 948 551 -656 874 262 606 -942 -520 -253 -750 445 -449 -666 943 262 -54 -248 414 348 -886 -467 -419
764 -933 -626 -387 638 814 -594 -37 634 -671 -538 358 107 -870 -490 -248 38 530 431 124 -917 610 -390 622 450 -796 853 -784 943 262 -869 -955 -291 65 309 -525 634 30 -294 -531 -557 -242 -130 -255 850 -282 -416 -901 715 -851 394 -767 -172 -134 -822 689 -57 -912 988 -913 -984 347 -985 388 884 344 -638 107
303 649 594 -990 912 -369 837 185 35 639 565 -704 129 -695 -755 -932 294 614 929 694 86 -88 816 989 -312 -421 341 363 -445 -174 -192 968 -675 -336 388 932 107 205 271 871 -379 -182 -843 768 977 -455 -855 -585 568 -972 -70 981 -48 410 -209 -515 -8 -556 459 -297 338 852 32 -456 -706 60 -679 833 484
823 147 964 125 -970 397 -688 320 -156 -940 54 -635 510 -151 -76 16 130 747 342 -213 -675 828 -748 364 -258 777 -468 989 720 729 -183 412 -107 576 -259 592 -506 -266 251 238 642 607 786 -430 992 -858 515 353 235 -953 -791 650 355 865 327 -873 546 973 688 482 270 -116 490 -885 530 -390 -38 -877 -350 816
-653 -348 -314 -569 360 670 -798 197 -1 650 676 794 428 -261 -539 -803 -329 920 -257 830 535 -539 -483 -881 988 -556 668 -711 197 -418 925 493 -723 -926 -38 -934 -193 809 260 547 -156 775 461 28 444 -787 -513 -568 -835 961 862 -208 -95 -337 -169 166 -643 -801 657 256 -927 336 -826 389 90 5 864 -536 -635 531 -798
985 -756 -391 503 315 571 -311 -270 -345 400 -338 -599 194 273 -216 -582 -53 -73 -156 -658 -666 -513 -656 -466 -319 69 615 -409 -150 -14 -899 -961 -201 499 679 853 -20 -106 -607 -404 -435 859 943 -617 835 947 437 -322 663 861 929 -524 776 24 80 -624 70 -84 704 -327 -907 689 994 569 -604 398 -105 74 329 -573 598 -590
918 348 485 287 639 -206 -55 467 634 796 166 572 5 -312 -363 426 -662 32 688 -591 -229 938 -790 752 -191 -385 330 225 617 984 16 947 -202 197 -335 831 -166 -624 826 830 -968 -275 475 216 -454 -548 101 238 -712 -76 -651 766 232 957 326 -247 709 -525 104 -959 401 -521 57 650 -165 -936 951 85 902 -397 -603 -815 -879
-650 64 -227 -585 458 -167 904 -540 -73 462 -790 173 856 -669 -501 -585 526 19 195 -418 -211 989 -750 701 -889 494 181 -290 876 806 -603 -568 -147 575 959 335 -433 863 -188 -937 -576 173 -614 -884 -240 -870 -266 583 -726 -359 -368 -62 -929 55 -35 352 -21 -173 620 -142 242 523 389 -474 676 352 791 148 -505 -183 -645 -828 319 536
229 220 -235 -217 -166 -787 -803 856 671 -796 -691 829 586 -957 -730 -252 466 -773 -771 423 602 107 506 -78 885 -710 -702 -27 -884 -685 -200 425 324 -627 965 -715 -343 -576 946 -666 -381 2 707 -179 -38 -265 -641 -834 450 965 -779 765 -661 -885 270 -738 -653 -467 254 -870 -897 -684 -666 475 -647 -450 -757 -35 -56 798 987 -279 -582 -164 885
-72 378 439 714 487 756 76 544 -970 -321 186 -580 834 -552 -892 798 720 -545 -964 983 452 -724 238 755 686 295 255 -101 986 -518 -152 -93 -970 8 -821 -193 -414 379 57 702 433 779 -385 -803 667 -629 487 99 -931 225 443 -98 -89 661 -449 -196 -317 -817 48 -812 -824 398 -852 -618 746 -784 959 -421 966 -283 939 -273 210 -600 865 732
-104 159 -130 455 -969 -312 -459 -586 -923 550 928 -797 -16 601 -346 -403 -138 546 435 608 -179 417 -564 743 383 -210 147 -729 -573 798 -576 682 140 548 927 -61 -500 450 -936 -6 -36 855 -680 990 -157 -575 -649 209 -621 921 -782 -51 267 394 -792 921 11 -811 39 676 355 -834 176 168 713 486 851 962 310 -881 609 -410 525 190 -515 455 -754
973 945 -210 -514 26 817 49 -23 -848 349 -470 -439 468 813 211 -57 317 415 672 -480 -707 -816 463 -217 199 -613 435 -953 751 214 -892 763 406 -529 583 -125 379 266 449 516 -903 -281 -76 -970 216 760 543 -363 -782 -895 -251 -575 460 977 -580 202 -82 -634 41 621 573 958 -628 -330 956 459 45 777 -152 -510 -684 -539 156 -985 746 -838 487 979
767 944 223 -754 -167 852 752 687 -929 336 -475 924 -731 871 -11 -382 -187 190 42 585 473 -267 -190 840 -365 965 -282 528 -458 -816 -382 -931 413 484 -521 290 -494 848 -204 -519 948 -757 168 -123 -904 601 651 521 -53 -489 -983 246 179 -833 471 524 -729 -395 307 842 388 554 957 -50 -838 -907 -493 686 -982 228 -647 -883 -58 166 -433 899 303 397 201
-466 -539 -887 947 -329 -640 -600 339 940 971 -163 183 147 10 -759 919 60 -412 -499 -840 94 -952 978 -826 -525 -170 -560 181 134 -257 -602 639 -150 995 -33 -468 -14 -298 -441 711 -458 899 -838 -593 -383 530 458 318 -424 984 -675 442 947 530 765 -43 -94 554 680 -817 212 499 824 -482 -707 206 61 -658 482 805 744 568 177 -477 283 453 539 101 251 -752
961 848 889 489 -982 417 -440 576 366 -643 -237 891 624 -217 -744 -639 964 354 964 -971 -232 385 591 823 504 -323 12 -715 -559 987 -585 -484 -23 -827 -151 -476 38 993 912 747 667 876 -691 -934 -494 -27 438 -227 126 786 729 -7 -238 326 443 424 -349 -912 518 675 516 -732 -525 -870 -97 -830 405 -680 -897 -617 -203 220 -459 -936 -651 -11 544 -878 -270 -722 -694
721 416 962 -684 -116 505 -688 -981 -628 -660 -965 -676 245 -124 -681 -878 -869 622 79 -931 -909 -790 444 -658 364 -577 -99 210 507 -838 -500 -873 436 -224 -736 373 951 -938 -703 -50 698 -872 -258 407 885 -135 851 681 -972 851 -744 -375 615 312 253 613 405 99 -584 -949 602 378 -272 467 -339 -562 595 -244 4 -962 585 -63 -298 165 997 530 -881 977 613 -642 756 -30
-898 395 278 892 776 819 389 219 -832 245 -983 -83 -476 -188 449 407 642 -236 -1 275 -815 -900 560 -754 247 -141 -887 -900 344 472 789 397 -357 -137 347 191 958 -197 -738 -149 -849 -898 645 525 -463 278 -692 -525 933 423 -595 171 -618 923 -467 -645 -129 946 11 -508 -516 267 1000 -987 9 -424 8 341 867 748 -310 -320 -776 552 -534 985 563 195 495 -969 593 -928 302
826 871 285 -662 -626 841 987 -756 -548 281 -219 -629 -732 -990 534 -93 212 -162 762 29 -118 -765 -328 860 -49 -414 -524 780 -430 -931 -926 29 -871 -765 -90 -883 489 561 -154 781 -479 -737 -794 -500 -424 900 -640 -839 -733 490 -755 482 859 72 -564 165 -853 958 -271 245 -626 314 -737 424 958 -704 902 303 395 146 659 731 470 -995 -1 -287 586 -325 -995 -623 -270 -937 67 -408
-596 748 -653 820 -322 891 782 607 -530 895 658 -137 360 -577 -769 600 442 -779 187 -169 845 -918 673 303 202 -26 -768 411 -267 658 718 -828 -586 -780 558 111 83 996 894 425 582 -511 782 708 -365 760 307 151 -33 -890 899 317 -795 -844 -749 579 -662 140 159 -984 242 -668 -82 457 112 -482 -731 -378 415 -172 827 -597 417 576 -166 799 620 65 619 -156 780 -637 567 -138 365
851 -142 849 92 26 691 -940 381 171 160 817 -574 -28 490 52 -968 -612 -117 540 -824 978 99 -112 -970 -690 -869 659 765 566 464 -897 -416 734 564 -236 767 175 471 639 -326 985 798 -632 786 -489 981 -334 -721 161 749 26 -801 586 993 -509 -589 -214 235 -282 -618 -724 -66 738 61 118 -497 -839 -834 -684 563 -521 741 -801 617 874 -658 996 -199 -780 -632 247 756 654 132 -600 233
56 -612 -833 -860 981 -746 363 -527 197 626 -888 -262 -678 -903 -783 657 -429 954 409 -438 284 687 76 -593 -178 268 -767 -733 395 351 -949 154 18 -413 -745 339 250 905 -70 524 -743 -601 -413 -423 0 583 -553 297 -360 919 -165 -984 944 160 -924 -715 349 -135 -195 -225 187 438 -400 -617 310 707 795 -690 -245 -215 628 878 -219 746 919 37 804 -147 -989 -865 572 -823 759 -340 556 610 -213
-66 150 365 -223 -607 341 533 813 -641 -674 -940 -978 -596 948 -261 -954 174 -746 936 55 502 -862 -824 -466 289 321 -561 -719 -800 -569 -461 -544 -37 343 396 772 575 861 64 -685 -292 47 -752 -446 -953 308 668 -905 -360 -619 -616 764 664 52 -706 768 -413 -143 119 -974 -9 -487 686 -894 -835 184 479 -367 -68 367 360 -323 257 -654 -421 -995 -795 -465 720 -774 -416 -792 165 -182 -433 342 -498 483
21 -944 863 -934 -611 774 660 -299 275 11 -868 341 -846 856 -427 686 730 -677 580 102 -248 848 -265 102 -406 -451 -554 -153 957 -817 874 644 553 -112 -833 823 761 -867 408 398 562 668 503 -212 403 -634 274 -863 472 -782 770 -686 304 129 -182 200 -612 -360 660 961 373 -816 23 -121 -778 788 -261 -756 803 815 175 -685 389 -701 833 -118 939 -380 -23 -281 40 463 -880 582 -153 418 -673 739 -237
161 526 -521 -734 492 -241 423 773 -129 750 717 -884 -824 302 -1 59 898 78 -875 -36 584 -561 606 728 826 719 370 483 -507 -655 919 415 -999 -774 732 913 786 -608 971 -651 335 -764 534 427 972 624 -221 -432 -666 354 521 -524 -291 -845 -308 718 86 -487 -931 -327 -239 774 -205 119 -259 269 109 -142 527 -146 24 727 708 694 -435 565 705 -809 -184 -307 -802 -863 995 -162 750 -744 -264 680 -548 -17
-454 -183 742 536 292 210 391 -797 961 -953 -329 -688 747 617 884 -524 -257 -774 -99 -312 -729 84 574 -207 -111 -509 -947 -121 322 -67 7 -643 -769 88 480 -735 57 308 729 916 557 -965 -223 783 54 561 -830 -250 587 -469 -689 -830 919 704 906 -138 644 -123 -450 307 644 765 -727 -675 802 549 141 214 -278 -717 -122 41 550 -120 -33 733 630 -900 -384 712 740 -175 -751 -145 -485 336 8 -121 -626 25 -922
757 -464 -238 602 -218 -76 368 477 70 119 -782 -961 -759 662 982 411 49 529 503 -757 -598 -278 389 -322 -90 173 -317 -668 -37 626 296 -817 -333 -796 75 -667 -226 -166 -244 -374 572 -797 -506 281 -140 398 198 -450 -756 -707 -257 633 -388 -838 897 38 97 -564 231 -162 790 -553 388 263 -898 90 858 -394 403 70 -370 -167 272 -178 -660 -233 -547 718 -126 666 -7 732 658 -158 424 -727 462 164 -26 626 562 683
-777 555 -641 498 724 -168 -717 -360 966 872 -435 723 620 -19 -547 -597 -982 -791 -418 411 -136 166 -519 603 813 808 333 365 220 18 195 339 -523 583 722 -61 -824 -925 -598 11 995 184 -125 693 461 -442 -12 -408 445 224 -19 -231 -36 636 -432 -429 29 -610 146 -752 733 -980 439 352 -643 9 961 -47 719 -283 589 -106 993 731 288 509 168 -316 385 887 83 788 156 191 -6 -936 507 -159 416 -769 -637 -504 -215
-156 18 -72 354 747 -116 -410 -798 195 208 552 -974 397 478 -272 -599 -192 254 -76 693 -53 -16 -788 753 782 -683 -823 -360 -511 -962 237 -841 88 -530 786 -4 281 -816 907 24 133 -241 519 649 420 -866 -159 113 -524 678 651 -28 -505 308 556 -557 186 -455 43 -221 -358 -449 -906 303 820 455 340 297 -362 -504 950 -581 195 847 -747 -518 52 696 -135 -554 -970 887 951 -195 -778 982 587 -654 -115 27 -537 307 144 994
-682 -938 -963 -253 620 761 -811 127 -836 -360 -61 -101 -504 385 -832 -571 160 561 703 -5 -223 558 -666 516 82 852 -109 -913 -351 993 134 311 -946 624 -339 805 -247 -637 257 -681 977 -181 537 -116 -170 102 24 -174 783 -695 401 -994 -904 -503 -745 -387 -145 853 746 -956 220 318 796 -743 991 -674 -532 207 386 591 -512 -864 -890 142 -592 -700 -372 826 -804 -257 89 513 -769 -991 -246 257 533 153 666 743 -5 166 -935 -342 -525
372 800 796 288 228 326 -126 656 430 584 172 -813 -122 284 571 -149 -947 -141 664 -9 -790 946 221 -323 637 -293 579 330 -915 -488 190 -403 512 969 334 606 -339 962 210 595 427 -183 612 -829 820 45 324 -559 -829 -529 -720 728 206 -455 746 870 739 233 767 -348 -850 957 -113 744 794 -195 -102 746 870 969 -991 541 -909 -971 -285 648 -381 94 -854 22 58 309 -344 -628 120 196 449 990 -329 261 681 -768 237 849 482 -384
-875 816 180 -258 838 308 65 76 682 99 -895 -261 840 -405 -502 -316 -973 -137 598 250 -61 529 -266 -547 72 -180 477 827 -628 -633 -954 -108 -753 992 737 198 -277 -901 497 -229 -856 -999 372 52 -163 132 -947 564 -591 295 134 455 518 777 284 733 751 -372 -31 889 -162 423 56 108 522 -326 -730 -342 971 -411 -222 -382 -988 352 812 -558 -99 -135 991 670 -794 -10 -732 873 -242 234 765 -640 -717 367 -686 -76 -920 893 438 -648 816
183 481 -596 225 50 -828 360 -547 -472 990 -709 574 377 80 532 905 49 -967 158 265 -83 237 -217 101 -730 921 -389 -708 388 -608 958 -364 372 805 -694 844 -43 -127 -432 812 -906 97 -835 757 58 305 -353 458 145 -727 272 560 916 -850 -83 -845 14 -113 -626 756 -773 -619 823 432 838 593 -354 -150 -401 -924 -355 -237 105 -751 796 -786 92 497 244 -698 260 -897 602 393 6 275 384 -74 -146 769 -772 -531 -333 952 17 -49 703 698
38 -83 77 959 929 353 650 -888 790 782 -852 676 -505 574 -192 479 508 315 126 -306 175 326 93 480 -889 923 922 -627 489 154 -792 604 -639 -866 -208 -411 514 -446 -608 -533 -967 -699 473 981 13 -589 -482 248 -25 462 875 108 -740 400 590 688 11 -686 501 600 -823 -421 -140 220 -259 -730 -619 0 835 -430 -387 918 945 15 860 310 -901 19 -811 200 550 -624 -960 -588 -480 -837 24 414 -893 805 927 995 186 -375 996 990 607 -646 -133
-503 722 -257 -378 -778 -143 692 -175 903 978 -460 951 256 690 61 -992 755 -728 600 927 -309 -149 325 -333 -401 -495 351 418 850 -477 525 -877 411 -323 901 529 405 604 -367 -466 -303 -256 -880 -41 48 -688 -685 -613 457 299 -962 707 470 -636 -61 -649 -787 187 513 995 -741 808 431 -971 25 -266 252 821 872 833 269 -809 927 -344 -815 190 -295 94 -712 -173 -74 -884 -493 689 -267 -845 -433 11 -202 570 451 -509 -42 158 563 560 -679 -824 980 296
600 -884 -408 8 -985 714 -854 -764 260 456 742 -353 183 160 -816 -917 -848 746 -74 -225 777 261 468 634 360 391 477 -885 -158 -251 130 928 729 638 509 465 939 -448 160 220 892 230 872 581 187 -47 -983 37 -460 -711 158 -822 -958 -671 875 812 -142 -641 551 -432 132 -753 930 788 653 -349 -954 -971 508 -842 790 953 -823 -373 -220 58 -287 460 839 868 86 105 -504 875 -918 497 834 -354 -566 -819 396 377 -175 527 -4 -450 -847 -237 -774 86 -386
645 -839 772 -175 -781 996 -280 590 229 -222 -181 969 709 474 -330 219 -662 -744 -539 -618 -989 -19 280 -525 -740 654 599 356 -736 -648 -14 420 -577 -6 18 -386 -83 865 -18 -80 784 -410 644 444 -113 -388 -250 457 700 397 72 884 784 -374 -924 95 -454 -623 984 360 -334 -946 -826 -786 155 392 622 -470 -777 -475 849 -704 909 -559 -844 152 154 -664 -986 -502 -170 189 -114 -656 224 657 499 -834 107 260 631 192 995 -452 370 -927 -736 85 157 871 -969 -573
-506 -611 -478 617 561 -870 -856 862 -145 648 286 638 432 -249 987 644 -42 64 558 893 617 -938 -695 -268 575 705 -592 -399 -917 -408 930 182 724 226 -585 -713 456 -160 234 -71 -431 -777 772 -372 -62 -256 357 -359 -654 -486 -363 13 -997 122 295 -379 -157 -217 -613 552 -590 -621 -637 986 -134 59 -329 781 -500 -830 -127 -583 684 -31 428 694 674 516 -156 -872 216 647 -185 -977 -177 619 997 -597 159 798 -471 -216 -661 -83 -667 -384 -192 559 182 712 749 -237 -269
-402 -609 29 -175 45 72 867 157 -515 65 808 -345 448 -625 -510 88 847 687 813 460 533 -82 92 430 -739 -182 879 -108 360 -91 851 358 423 -123 -205 -453 519 -243 -911 -588 614 -766 253 135 -988 583 -980 96 844 60 -814 -486 592 60 550 782 -232 421 -140 1000 -728 -923 -113 -748 439 234 -561 946 -937 696 -776 -114 961 571 -655 526 783 -103 467 -104 738 -748 815 856 65 91 -500 615 -72 -578 576 27 472 -317 -3 -747 -117 -665 -732 -457 -740 -731 372 156
-210 -460 554 365 366 336 453 -140 631 391 -16 -673 -847 -102 -316 -126 -823 400 297 -331 -340 -69 214 324 101 -348 -380 898 -797 -711 571 212 -130 353 110 135 988 653 495 -978 427 696 -463 -648 425 573 474 -718 -555 -959 129 151 -167 -873 -198 -448 695 -241 -364 187 -76 723 -730 -363 -799 -204 124 77 -174 461 -862 -834 491 -13 806 -534 -18 -595 708 752 277 17 166 -674 491 -685 794 -5 -113 704 -902 -402 -969 68 926 839 52 -970 602 -243 -162 333 173 -734 -606
867 118 -629 891 114 -907 -590 -355 441 138 885 -176 -596 -972 -238 793 349 -371 895 60 -861 -357 -634 980 -974 -204 -840 -655 -466 629 187 21 92 -5 -492 -366 -545 674 877 -532 -208 -665 -21 -427 979 -916 76 314 74 -873 485 -62 130 -13 -155 475 43 222 351 982 503 770 -540 494 -627 620 113 574 -643 -614 475 -634 -602 207 -848 -579 -768 374 137 -91 664 428 447 718 -620 725 -616 404 767 928 446 589 981 -991 -160 28 -499 595 868 169 930 626 -254 -407 542 325
948 -859 -536 -602 -549 -439 -319 -965 383 294 -213 -642 -846 748 126 -745 855 -915 522 -991 -919 149 949 -405 -37 -846 966 -419 -222 -861 -617 -685 -132 642 976 -611 -227 -249 42 -11 870 794 843 13 83 668 -220 -648 -588 742 106 272 -79 -267 -401 163 718 226 698 -745 223 268 344 438 792 -148 -589 -59 -76 446 896 419 -941 408 355 -244 -315 694 -806 -90 -36 960 -889 -755 330 715 25 134 297 -817 -846 -355 -797 127 172 -703 -287 -795 528 950 -767 903 729 -484 707 -273 101
751 245 -989 -144 -897 110 -540 -311 394 469 -33 202 833 -609 -335 399 -330 368 165 289 457 -232 5 632 632 -294 595 -556 188 433 -174 86 450 846 -481 690 217 14 -484 -153 873 -334 -138 192 -207 -852 770 -623 91 -851 -871 978 39 -80 -168 -128 -151 -997 -998 -285 678 -776 -113 -54 -839 164 -8 -628 -831 856 -54 451 497 987 -265 -803 -545 742 -592 633 -829 -197 857 785 616 393 492 -419 536 -190 -367 -41 885 -13 -305 739 63 -43 -937 -675 293 -454 -793 -379 578 705 342 -487
741 42 231 -808 -514 -579 135 -279 474 -885 196 845 -882 82 -4 -973 978 -585 537 -752 325 740 -786 -651 -385 533 -115 43 -608 -446 -484 777 -320 -532 789 -490 -617 125 287 774 -483 545 -43 932 187 955 300 204 436 349 -933 -760 -513 -573 -315 -492 217 -574 -334 706 450 -342 -442 -594 567 681 -835 950 86 994 -471 -108 915 -986 -669 482 906 -11 851 -916 -151 835 277 -119 139 159 185 1000 26 401 -523 -79 597 720 -406 774 -35 -538 294 -429 -158 -506 -679 -123 -51 787 -438 105 74
-544 901 -498 -856 504 896 344 729 -759 413 -216 483 148 144 759 318 270 -348 -582 -481 611 -182 -213 962 -605 370 16 -540 -832 -551 -386 879 -925 796 -186 -98 -765 952 832 -446 -789 -288 990 -520 -583 -471 562 234 745 -382 945 546 854 622 334 -197 847 -985 -919 377 942 732 -51 -924 -614 250 51 -3 -778 285 -578 888 611 -914 -99 -594 -153 798 -172 -473 821 987 -958 -535 -859 -248 254 -860 -220 335 536 804 -621 267 20 -45 -861 -973 178 -389 692 -189 142 -599 531 310 93 -678 541 -569
536 569 -901 -29 -460 -38 242 818 -4 611 150 -438 406 634 349 678 -271 446 421 -40 -771 923 -271 -973 -710 -533 426 197 595 233 363 214 -730 -624 0 -807 -419 -179 -809 604 165 -110 975 8 -835 -680 -598 89 -815 -813 225 724 629 -152 -877 -306 -33 301 367 754 -200 508 409 439 -286 987 -957 -904 321 399 -858 890 733 -568 350 -847 -547 -922 969 369 -183 -314 -271 221 646 -78 -796 864 -504 -971 793 845 817 868 2 0 -422 -91 -380 963 -74 769 -488 911 698 657 -354 -287 22 -575 677
-737 278 704 425 342 194 323 -712 158 -915 898 -206 433 -156 -691 -421 -183 -388 -32 -669 959 64 605 172 -131 -270 -98 -439 -928 679 454 -109 -23 -90 236 -521 762 -716 771 166 421 857 710 128 -347 831 -807 432 -324 -751 483 594 182 -483 -227 622 -967 970 -989 552 -924 -339 -277 311 867 -52 227 -21 -823 48 149 -684 -328 -828 -460 -483 -134 -673 531 913 863 442 -836 -938 -318 -895 747 -197 706 -452 -719 257 131 -460 799 -844 -704 -456 533 829 -56 213 -534 -1 410 -766 141 -741 -301 314 -265 -978
345 -844 258 15 -557 -313 -589 -882 677 -701 829 691 706 -121 237 610 234 -790 -516 -354 -825 965 51 -197 -299 138 -579 -934 37 -710 -955 -596 500 -209 -610 630 22 752 778 -694 953 890 -564 -928 623 427 -434 -717 408 -30 140 556 349 402 269 182 2 518 764 949 -464 -98 -353 -752 -825 -4 166 -547 619 -120 -659 807 848 -280 356 204 -660 710 326 -64 -493 315 996 -602 -541 -539 -409 179 -236 209 962 -958 967 51 428 751 539 773 564 -304 520 -675 88 -391 222 -671 -213 -16 989 -846 -794 -417 392
-863 753 103 874 -274 186 -737 -270 124 -890 936 -720 -42 977 -862 -655 399 -805 8 -324 -585 214 -248 565 274 719 538 64 -424 -227 942 562 -650 -243 -105 -597 -139 -671 346 -390 -770 443 -390 -624 -595 498 903 -408 516 295 452 253 -788 -622 945 337 -164 501 -656 -31 -908 -85 916 401 979 -610 338 587 -935 -563 -51 -748 -591 -343 -995 260 339 -534 -167 568 -445 -379 873 -128 445 620 596 918 -211 -767 -368 379 -250 215 -316 -149 700 702 739 770 632 -293 -295 886 145 962 944 -736 489 -885 963 247 514 -81
-435 -474 -28 -843 -609 811 161 -424 -597 465 -594 -317 363 766 790 -807 574 -624 -978 598 204 910 147 -461 -508 -666 211 203 -865 -842 -70 205 -745 -64 -319 -577 513 546 -567 -715 -554 -759 -117 -776 902 -942 221 142 -52 -63 -771 750 -107 852 -134 114 -751 3 53 883 -162 -595 738 700 216 773 836 -485 967 556 -917 -324 218 841 257 333 -271 766 397 242 490 143 -665 948 797 -681 -110 -240 -716 110 -449 -471 -429 -612 -898 950 -250 818 390 -940 331 621 -363 -515 477 -646 -774 700 272 -267 -130 -515 239 818 8
517 378 -451 -447 19 -539 939 494 357 773 -231 -623 321 -503 -237 -801 819 -946 425 284 -208 526 939 908 -602 918 746 -842 -304 303 -628 -193 520 -369 -295 -536 -271 -181 905 146 691 642 -867 -16 -573 -648 919 547 510 -664 107 -487 -295 659 -518 435 201 72 -775 714 244 630 672 459 608 241 -61 478 -488 926 -584 -344 -790 632 -242 -221 -448 -269 53 -550 -865 114 -375 -556 53 338 135 -215 612 -846 -17 189 857 -245 502 -31 638 536 872 148 680 626 606 -728 -742 348 185 -871 -314 657 -284 -810 -658 352 -324 -733
197 287 -666 -24 206 -906 -80 -880 29 400 470 -172 -98 26 -574 595 -720 370 -187 25 664 359 901 154 241 -274 88 -254 394 -102 -175 -955 -332 -344 210 103 4 798 389 -58 363 -765 -110 833 86 -220 -817 385 -895 917 -587 -191 782 495 -403 69 -102 296 -59 -979 -492 549 568 -405 951 572 -228 507 426 721 -509 32 391 -478 -85 -937 754 -424 98 -942 517 671 -417 863 188 -246 699 209 452 -344 274 345 220 732 -653 -923 952 790 139 855 -425 514 712 -558 -460 -258 -334 330 509 105 -974 -739 17 880 294 -983 -455
2 -575 322 374 -133 -168 206 24 -929 136 -194 29 128 -69 -790 -897 -228 -522 -684 260 389 348 -897 388 548 54 489 149 -46 801 479 250 177 -625 -752 -238 -945 -270 -563 -774 44 861 818 407 -914 -640 -52 -331 184 -39 941 -71 525 181 -478 939 -891 -131 -978 199 -349 -957 -447 707 -397 -676 229 -81 -531 747 -465 -756 -363 -449 317 -731 -815 -223 -854 575 805 580 767 -323 -684 682 -483 729 -584 -813 595 361 -646 -975 457 770 -466 481 283 -620 -698 682 -386 -608 858 -651 904 606 39 -399 888 386 652 -651 -280 117 870 -987
598 -867 987 741 591 379 -732 478 597 570 211 605 -984 13 635 -894 324 -5 -89 -775 -618 -185 549 226 456 -166 775 671 -644 219 -544 -945 982 977 -165 -966 465 686 840 -245 -590 895 705 911 -130 64 82 682 -413 -50 -692 364 -373 -860 163 250 -642 485 429 -996 463 -331 -800 -332 -272 571 888 274 -330 -918 949 646 372 55 198 875 -101 -841 62 481 432 -666 -297 697 156 455 505 583 -132 -622 357 -510 640 -228 -915 873 -143 389 811 -170 -459 369 45 -383 416 150 342 -606 730 303 181 285 553 566 -407 523 -79 -813 -639
-783 16 -58 -530 -910 -51 252 871 -804 885 -555 -733 -247 -531 -112 -543 -109 95 84 -913 -361 -436 220 779 283 -356 -287 921 873 -623 -947 -460 -140 -264 124 -791 892 -516 -212 -813 384 -88 917 -503 -28 684 -201 -212 -136 -569 -612 -105 -503 -867 -467 21 175 275 -272 -477 575 284 -537 995 -395 -876 -394 -385 34 -196 490 -141 -31 -323 454 -161 -769 427 -308 -559 901 931 568 744 21 130 41 79 880 -397 137 7 -455 -634 -346 -510 394 487 -110 -999 -242 493 971 734 -121 505 -544 593 188 -239 456 167 68 -197 -962 473 402 613 215 -387
198 636 931 677 -404 527 -945 788 -300 607 -763 -923 -612 764 386 -869 54 -979 -919 -558 834 -257 789 -762 459 175 344 841 -22 -668 171 613 943 76 683 128 -965 369 -124 407 625 -803 929 -312 -332 -915 627 470 698 907 -537 283 -181 322 -969 -936 -973 -399 -433 -923 530 -985 -608 -419 873 -536 626 -592 268 864 346 718 -329 -469 -553 -813 685 117 491 240 -649 276 864 424 181 347 -155 -241 159 956 -592 440 920 -3 603 -453 -651 510 862 172 367 -920 -781 155 297 -343 734 -475 -55 -889 -598 -303 489 -924 -764 83 931 864 687 381 405
-110 660 -574 660 779 398 413 629 318 -323 100 479 -606 468 95 -158 79 834 -416 206 891 -558 -365 -729 485 -236 375 -579 38 28 506 -17 731 -699 -524 315 -428 515 -277 -736 -63 883 -516 68 -497 513 889 339 820 -765 128 128 765 -717 -41 900 -964 500 842 -506 776 694 -325 -501 246 -794 351 855 -771 -971 -888 -937 -1000 -693 -810 -101 487 -22 -720 240 -991 -649 -507 -953 478 -261 463 -496 -575 -326 449 -648 -588 -176 -287 -209 619 -546 392 37 50 675 -527 452 -627 736 636 701 776 -615 463 -428 314 -731 786 -383 -822 415 678 -77 -661 -61
941 107 558 437 242 935 -633 -340 -439 193 859 220 -256 711 327 -74 960 -583 -400 772 46 -678 -352 820 -453 29 344 -41 382 361 -732 -484 107 -546 815 649 -924 954 -271 -7 -516 895 -76 396 370 -90 449 691 -562 117 -215 -605 -354 980 -226 -647 984 -759 437 -343 284 -706 -248 93 881 -923 -509 706 184 -258 -21 -815 -831 -506 808 -399 308 545 891 -991 -66 97 748 -457 861 -891 -823 -501 -856 77 725 244 764 57 575 606 -371 -301 -140 286 -634 791 -144 -170 -831 -970 -186 623 243 407 95 215 527 990 697 954 64 -761 -799 275 -211 -461 -385
222 -141 -116 381 -290 -820 -571 134 -144 -776 -754 -1000 948 -371 -765 -929 883 81 471 161 -41 999 402 -118 -507 18 -737 -755 -237 -768 -184 -795 -322 64 367 -792 -264 -213 433 506 -817 610 -23 -943 -506 165 692 576 -521 302 902 407 760 35 166 633 -551 -589 274 488 343 -192 -901 293 437 -41 446 -19 -316 -25 32 521 -549 51 446 774 -526 209 -707 213 310 306 110 -464 61 959 969 -774 809 -627 -85 -686 271 -813 579 -816 130 -168 162 -509 318 -895 -754 385 130 -855 -82 823 796 -855 671 -101 829 -422 -875 223 219 534 854 -273 -699 11 209 -622
-918 -927 432 716 184 752 906 -657 -345 735 -680 -337 3 -381 274 962 -254 121 833 864 79 -718 739 -286 -629 71 768 -925 -86 -436 -557 -982 474 310 -609 -280 -903 474 -103 593 492 623 -191 -544 569 429 -352 -34 999 -942 845 -12 351 -321 -30 -285 179 -373 925 -655 300 -409 -881 271 469 -264 -858 -64 -563 -188 348 165 -436 -795 -960 559 69 -530 -565 -208 256 548 -926 -468 -339 -346 0 494 -841 981 130 763 244 360 139 -365 196 519 102 285 134 -316 -113 59 -861 -128 -792 51 -410 -605 683 -599 -75 220 -103 183 -559 -873 767 518 -927 -732 -90 305 -199
-160 -936 -403 975 869 -202 -699 863 863 -977 -15 577 -448 -155 -873 227 -321 597 594 623 -814 929 286 671 -343 -595 813 172 644 350 -10 -318 309 -264 134 580 -24 964 -673 80 665 78 -407 -281 255 -419 581 905 317 -437 666 105 -332 408 -797 -943 954 -540 99 -692 266 -340 -190 10 157 506 -744 936 71 -190 -662 -576 41 780 -644 349 538 318 -462 571 -708 300 946 760 -56 -553 329 -178 508 -597 418 377 100 -421 211 75 779 -126 -134 -873 -583 -68 212 -107 -635 -390 393 709 -12 311 769 637 -172 -505 -200 -71 -477 244 892 -112 886 687 394 308 -454 17
-648 -964 677 239 219 -49 815 -482 524 -692 -593 -985 -725 212 -946 218 -350 -496 906 605 34 -626 -821 -825 75 706 467 -967 366 -334 115 -104 -193 788 -562 -658 -632 -407 130 -694 -863 -403 42 910 512 617 -345 -434 940 983 852 554 -524 -76 599 285 -131 -206 -397 -973 972 122 69 -557 362 874 248 758 733 547 276 -948 -657 -536 -241 -66 -78 -913 -884 -661 942 -964 -447 -102 101 -19 -466 -194 623 36 452 -575 699 37 911 -73 -981 -526 20 -223 -70 -963 911 -209 896 340 982 -800 17 233 -37 217 -177 986 -385 58 -303 288 -337 -982 -212 955 -605 888 -703 796 -624
853 -832 -387 894 -400 617 -706 -388 944 802 -697 839 91 -112 248 -148 -880 723 -899 -455 -913 -607 163 -83 -110 -955 64 858 412 739 -648 -791 699 597 -279 -148 -968 673 773 -904 994 553 120 710 -581 287 771 668 -377 -400 781 -189 -686 -694 225 -558 555 -428 -893 -517 494 548 -537 -726 94 -76 632 336 148 954 229 390 -571 375 -336 -285 -351 853 -773 -716 402 -854 882 810 57 274 -150 -44 781 590 -397 -586 122 -433 -723 -559 831 -815 -935 80 326 420 -167 843 475 -424 -234 -628 338 -364 -559 -797 602 -468 -125 -398 266 126 -716 -236 -780 -38 -279 -596 -348 637 -448 -442
-796 594 -298 464 -86 -246 -279 -101 957 -393 455 -116 -545 -3 645 278 -764 -856 -180 -967 -262 -211 371 27 989 -267 -320 953 315 -936 531 -129 -736 -157 376 -766 -416 575 -827 -834 445 609 720 860 -636 -695 -298 -324 169 -186 -191 -945 828 -811 289 -29 -581 250 899 939 281 318 848 -605 834 -295 259 -748 609 -278 184 501 11 -366 -643 606 -69 288 41 -896 -469 -121 -705 909 -297 182 -330 -335 65 13 -676 -528 -737 921 -886 936 -470 579 463 423 948 -600 505 910 -917 -125 461 297 794 -232 250 723 -259 854 879 177 227 474 318 -230 935 -691 -965 -321 877 -393 -152 -245 39
-108 -293 -144 386 485 379 -685 -294 47 -165 -32 640 654 -352 -862 -759 53 56 -568 -335 910 -452 -966 977 -698 -552 -839 253 71 -970 -611 -475 401 111 -558 -791 -178 -681 148 -696 803 780 457 -674 -601 -819 652 308 -933 -952 531 -994 747 -692 -322 -319 -894 -988 -386 -819 510 -788 815 -307 -997 110 816 47 572 -2 734 261 -875 55 654 -307 717 790 -125 549 -687 -278 856 -512 -78 146 -7 -75 -298 119 -267 31 282 -912 -784 -188 -648 -674 -617 649 723 -799 -642 -477 859 -362 6 783 -742 -31 -845 131 -364 -773 -347 -335 457 -82 -358 -544 -290 -766 -362 74 439 -4 27 51 -638 -544
216 84 -239 584 -299 557 -565 -403 -429 557 -200 -362 649 -194 839 267 981 981 -207 -97 -954 301 599 624 -899 506 992 -867 700 461 -289 -816 -648 -26 -971 390 731 -777 10 -780 -972 -564 -246 894 297 537 -828 -792 -678 994 102 -88 -677 -739 -328 325 762 -867 -732 -346 -751 734 -714 275 633 207 -724 13 -780 372 -514 -592 141 -776 148 157 -314 -763 550 -662 987 119 -366 973 966 -636 -479 -137 636 -577 147 -134 476 869 937 -47 191 -375 833 903 -768 765 401 -861 -577 -914 -78 593 658 552 -930 -564 -223 545 -218 -938 307 341 -606 -117 -721 353 249 -936 614 -866 -673 788 -470 785 816
945 -136 -207 68 -786 221 -814 -552 324 -611 123 -619 641 442 -168 -295 733 -108 -773 -367 -675 262 779 -143 -43 132 664 -948 41 -796 -334 914 -116 -916 -18 494 24 168 582 397 -392 -688 57 278 -22 126 99 -777 922 700 -786 -522 -909 350 711 544 923 1 -531 540 658 -57 287 -151 927 15 729 -566 -344 -82 -7 -53 846 -612 -284 307 731 -566 -155 -401 -127 -975 788 624 -658 -392 206 -882 6 -96 -36 920 -519 -843 208 -178 -600 -939 590 -473 -182 808 -111 -22 960 567 -681 -803 61 -736 -52 -804 689 858 473 -352 -166 107 -981 443 -325 505 -228 -821 228 -996 -70 -669 412 -800 -614 52
166 436 199 -50 -527 -609 -732 -777 -67 -19 -918 -691 892 363 -969 882 -378 820 929 -584 -307 730 484 455 169 360 346 832 -257 -670 229 -716 -863 491 275 -995 713 -758 -42 703 127 -505 205 819 -897 -185 -48 198 655 -800 105 174 856 970 -358 680 -430 -575 -148 475 -809 817 425 232 -23 668 823 -623 167 -729 -653 -905 487 25 -53 -838 966 -407 67 96 -361 731 793 252 861 101 -307 156 583 -880 -421 570 265 -93 494 213 -978 -791 -184 -62 -703 389 -272 985 289 -258 -482 688 -508 -504 -262 -794 635 763 140 414 293 699 -905 562 155 749 -473 506 743 -483 -850 558 -926 545 -666 -615 868
517 729 645 478 17 -833 -209 -32 -496 -349 -199 -816 -295 -205 517 694 -853 731 982 -155 -933 -675 368 209 -505 770 -468 -348 -898 637 -142 478 476 -12 422 -514 -278 -650 -362 466 490 -541 822 803 -687 757 812 -784 435 197 378 -493 -544 -384 -278 -433 -231 -973 170 884 414 686 599 1 270 591 -917 980 -291 -593 498 -241 -853 125 -821 -633 701 -255 18 -468 804 -839 -513 -320 919 3 892 -319 365 967 483 -320 -677 -652 351 453 -778 554 -174 153 -943 623 -460 298 -38 -581 -861 -769 992 488 3 282 918 848 -870 620 572 881 845 -806 854 894 -823 314 727 -419 269 719 -175 225 -312 712 11 205
-661 -691 619 -950 -647 -377 -450 83 572 204 -283 -95 -80 -954 -173 262 682 -8 291 -312 64 962 -113 -421 -12 934 955 136 -537 605 -831 -665 489 123 931 94 127 634 -352 773 -129 132 -743 -794 526 -267 776 151 818 511 300 -423 234 -715 63 -292 924 991 -75 666 279 -686 662 960 -376 48 -707 642 -697 68 324 403 329 -876 61 390 379 -840 824 528 -499 684 -857 820 606 -758 -708 472 77 -571 764 -477 828 305 -271 168 754 -319 -899 479 28 74 -741 -908 -328 -758 -12 260 -264 -353 -670 320 -14 -387 616 -768 936 143 174 -560 -276 -197 804 994 727 875 -863 498 -193 218 -291 -954 904 -502 577
505 16 -904 237 87 105 -334 254 371 200 -675 920 -168 780 -330 -727 544 -822 418 -24 -999 -39 717 760 -973 -248 336 -620 -678 -322 23 -652 451 -408 32 604 408 80 570 16 431 189 159 248 -357 236 530 236 59 -680 290 -514 45 922 -974 420 -775 -95 -972 -939 381 -549 857 -75 976 64 70 -435 -28 723 -10 -635 -41 627 -471 68 -343 991 -800 -511 665 -797 77 672 582 -166 -381 -451 939 -888 303 -473 -51 -54 796 -125 -652 58 -582 818 255 741 -416 206 386 322 -163 905 506 718 364 -54 393 163 -243 -315 197 448 46 634 631 967 864 -925 -414 -315 982 194 -41 -279 317 984 -431 76 -344 60
-650 806 682 -187 -954 -736 66 -861 891 -443 187 432 483 290 -369 -814 -6 300 892 -134 -806 -886 312 -459 -680 435 407 793 420 -408 -116 -842 367 -870 140 373 -929 -563 827 -900 -975 -69 347 -891 904 609 744 -430 -819 -250 -245 -377 -467 332 926 -63 260 -538 -485 999 824 -133 -149 -184 627 445 -709 675 405 193 -39 -883 -362 66 -390 -162 361 817 84 -186 -682 30 -956 -691 -396 230 -266 -294 -109 -950 290 339 -15 156 -542 506 -399 887 436 -521 905 53 179 31 -450 224 103 -571 -280 -542 -553 301 -456 -366 634 -600 541 -755 981 -293 -624 367 -74 -620 -998 -151 888 -825 474 84 236 -958 -196 -510 628 385 521
680 877 -211 -766 115 -653 631 -388 -919 -495 -687 -376 131 598 946 -667 -914 222 807 155 276 133 885 726 569 -839 198 420 935 -133 1 147 -970 157 -489 597 -914 -829 194 -592 335 733 -127 -605 463 373 -169 -863 -641 267 511 272 286 148 839 304 -189 -381 234 -887 -836 -813 -410 320 996 84 10 462 187 -435 24 542 -540 -203 -6 -247 437 741 483 478 96 -976 -837 -297 548 -540 484 491 433 -332 343 -849 239 -218 -856 452 484 -762 -142 -605 -715 723 -981 935 696 140 322 396 353 520 90 112 -132 -438 202 149 -67 -101 943 -627 939 880 -925 991 381 -727 0 -139 -169 -605 127 262 -147 147 458 361 899 -477
422 -40 884 -718 580 299 534 342 -863 761 391 -580 713 321 -255 -690 337 -1000 204 -633 142 467 79 -672 -740 -737 -997 480 -954 593 425 365 826 -952 -132 -511 373 980 867 -347 -914 737 240 -809 -745 -48 -289 -188 -154 535 98 -491 -440 870 427 918 -476 -511 447 26 -964 764 -525 208 425 -28 649 712 -263 332 644 241 -649 -796 162 -582 999 725 -784 419 602 -249 855 -739 816 249 -455 -27 471 981 435 573 997 -166 978 549 601 542 472 -198 558 -755 607 62 476 140 714 -242 -176 -976 828 539 -594 918 750 -270 964 -735 -648 -110 416 -311 -707 -928 -517 -685 -933 -401 -466 549 754 -27 229 -190 -181 720 -403 663 -504
748 -970 -866 747 558 279 -51 922 392 -779 -478 -593 637 671 -854 188 -208 -314 -141 953 268 -936 -249 204 -575 -51 127 868 -16 620 -242 946 -920 16 -781 -63 701 -74 412 8 806 -340 -167 2 538 -247 -980 793 873 -612 -234 -910 265 40 -974 -323 323 2 917 192 -178 688 -184 41 -250 912 -455 -284 562 -285 -871 -332 -480 -340 -810 -737 -422 907 -488 25 475 550 355 490 813 892 -772 974 350 662 138 93 609 984 77 403 377 -979 -483 -312 -839 880 801 103 -29 467 135 270 -277 653 -770 -345 -650 439 821 -596 831 -547 671 -329 15 -737 866 -118 -114 -586 335 -595 193 447 -278 -631 -151 -502 -698 -956 963 -431 -307 -395
