0
125522
0
0
0
0
179839
159204
0
0
123370
13055
219061
13055
16434
0
0
0
238078
0
0
187512
0
0
0
0
0
0
0
0
0
0
0
0
0
0
0
0
0
0
97637
0
64110
0
64110
0
64110
0
0
82607
0
0
0
0
0
0
0
0
0
0
0
0
0
0
0
0
0
0
0
0
0
81055
137234
0
0
0
0
0
0
0
0
0
0
0
61993
0
61993
61993
0
0
0
0
0
0
0
0
0
0
0
0
0
0
0
0
0
0
0
0
0
181629
0
0
0
0
9324
0
0
0
0
0
0
0
0
0
0
0
0
109445
109445
0
126376
0
109445
97348
0
0
0
0
973442
919448
0
687550
0
0
798655
0
0
0
0
97348
0
0
0
0
0
0
0
0
0
716446
0
0
0
0
80631
0
271774
0
0
0
0
89765
0
0
0
204741
0
57143
0
148774
0
0
206336
55967
0
0
0
0
141216
0
0
0
180412
0
0
0
0
0
0
0
0
0
0
0
67891
0
0
0
181795
0
0
0
0
0
0
0
0
0
0
0
0
92261
0
0
0
0
92261
0
0
0
0
0
0
412609
188324
0
0
0
0
0
0
235618
0
0
0
0
0
0
0
0
0
0
0
0
0
0
0
0
0
0
0
0
0
0
0
0
0
0
0
0
0
0
0
0
126403
0
0
0
0
0
0
0
0
0
0
0
0
0
0
0
0
0
0
0
224133
0
0
0
0
0
0
0
0
0
739932
0
0
0
0
0
0
0
0
0
0
0
0
0
0
0
0
0
0
0
0
0
0
0
0
0
0
0
0
0
0
71130
41808
0
0
0
0
0
0
0
0
0
0
172856
0
0
0
0
0
0
315732
0
0
0
0
0
0
0
0
0
0
0
0
0
0
0
0
0
0
0
0
0
0
0
0
0
0
0
0
0
0
0
0
0
0
0
0
0
0
0
0
0
0
0
0
0
0
0
0
0
0
0
0
0
0
0
0
0
0
0
0
0
0
0
0
0
0
0
0
0
0
0
0
0
0
0
0
0
0
0
0
0
0
0
0
0
0
0
0
0
0
0
0
0
0
0
0
0
0
0
0
28689
0
0
0
0
0
0
0
0
0
0
0
335420
211856
0
270437
0
0
0
0
0
0
0
0
0
0
0
0
0
0
0
0
0
0
0
0
0
0
0
0
0
145067
0
0
0
0
0
0
0
0
0
0
0
0
0
0
0
0
85198
0
0
0
0
0
0
0
0
0
0
0
0
0
0
0
0
0
0
0
0
0
724754
0
0
0
0
0
0
0
0
0
0
0
0
0
0
0
0
0
0
0
0
0
207369
0
0
0
0
0
1245745
0
0
0
135271
0
0
0
0
369310
0
0
135271
0
0
0
0
0
0
0
138143
0
348683
0
0
0
0
42254
0
0
0
0
449808
0
0
0
0
0
0
0
0
0
0
0
0
0
0
0
0
0
0
0
0
0
411550
42254
535069
0
0
0
0
0
0
271567
0
0
226773
961764
745090
271567
42254
1000940
1239680
1143109
0
0
0
0
213986
0
0
0
441316
0
0
0
0
0
0
0
0
0
0
1608350
0
0
213986
0
0
0
0
0
0
0
609997
0
0
609997
242825
0
0
213986
0
707253
1636127
0
682601
202200
743644
42254
0
0
0
896932
0
0
42254
0
0
0
0
169257
0
0
0
42254
727009
0
74577
1448035
727009
0
169257
74577
74577
0
0
648976
0
0
0
74577
32323
224537
169257
74577
0
0
0
1425195
42254
127003
1672217
42254
74577
0
0
0
0
1757967
0
0
0
127003
42254
301553
1189287
0
74577
1037486
0
0
0
1840187
0
74577
42254
0
202085
259299
1272486
0
0
42254
2717463
0
0
0
42254
0
206732
42254
2389732
206732
0
0
145750
1863388
141581
503989
0
219442
0
0
141581
0
401692
0
1401363
0
0
520353
42254
432709
1317599
0
0
397045
42254
0
42254
166446
2618351
0
1413066
622356
934821
0
0
0
0
270071
0
0
347755
0
260111
770085
1879148
172541
3002191
348873
270071
0
0
0
711394
97589
661367
0
0
94680
0
2251043
632282
0
173482
0
2955028
94680
94680
94680
0
0
173482
94680
94680
187174
0
0
0
1072404
0
1370298
213543
213543
213543
94680
94680
1659718
0
94680
253708
0
94680
1792782
0
173482
856593
118967
0
1409868
173482
213647
0
536653
94680
0
0
173482
1694896
213647
0
0
288675
276110
452927
713324
0
78802
1521347
0
78802
0
0
294014
0
0
0
0
196185
118967
0
0
0
0
294014
0
1522226
0
0
558722
0
524976
129052
0
0
277830
217431
0
0
0
209398
0
0
78802
0
867279
420464
0
0
0
78802
391960
0
0
118967
0
0
0
0
299622
0
0
0
560818
118967
437053
0
118967
259377
0
78802
118967
0
78802
118967
0
0
0
158237
0
458994
0
0
118967
0
0
587946
79435
0
0
0
0
0
0
701763
0
0
40165
0
0
0
118026
0
0
0
0
0
0
0
0
0
0
0
0
0
0
0
0
0
0
0
0
0
0
0
1365842
0
0
0
36189
0
0
36189
0
0
0
0
0
0
0
224540
0
36189
36189
0
0
0
307268
0
0
36189
0
36189
0
0
0
0
0
36189
36189
0
426352
784436
1245991
0
0
0
0
0
1051321
0
0
0
0
0
0
0
0
381177
0
0
0
1013757
0
381177
0
847118
456152
0
0
0
0
36189
36189
0
456152
0
0
0
0
373424
0
0
0
36189
36189
0
0
0
0
264297
0
884978
0
0
0
0
113241
0
568264
113241
0
0
36189
153909
0
36189
0
0
0
0
0
0
0
0
0
0
0
188216
0
199330
36189
0
0
0
0
0
0
199330
0
1396132
0
0
77052
0
0
0
0
2173620
0
906818
643838
0
553279
0
0
0
1360882
0
0
192396
0
0
0
761324
0
0
0
0
0
0
0
0
0
117421
0
0
2456015
0
0
527216
0
0
0
0
0
0
0
0
0
0
0
0
0
0
0
117421
0
0
0
0
0
0
454642
0
0
701839
0
0
304196
0
0
0
0
207013
0
0
0
0
0
67754
1297451
0
547205
256298
0
0
0
0
67754
0
0
0
67754
0
0
0
0
67754
0
0
823459
0
0
0
0
0
0
0
0
0
0
534336
12772
0
0
0
647615
0
0
0
0
0
0
0
0
0
290127
0
0
0
0
0
0
187339
0
0
774887
0
0
0
0
0
125423
0
0
986250
0
960123
0
0
0
0
0
0
0
0
0
0
0
0
0
422035
0
0
0
62322
0
0
0
0
0
0
0
0
233350
0
0
0
154037
0
0
0
436913
708442
0
0
0
0
0
233350
645330
0
0
0
0
0
0
62322
0
0
0
0
0
0
0
0
0
0
0
0
1006376
77199
0
0
0
0
0
0
0
0
337773
0
0
0
0
0
0
0
0
0
0
0
0
0
0
0
0
0
125423
0
0
0
0
0
0
0
0
0
0
925807
0
0
0
217509
62322
0
0
0
0
0
125423
0
755162
229462
0
0
125423
1568627
0
231059
0
0
677413
0
0
0
0
270306
0
0
0
0
0
2748386
0
62322
125423
0
62322
0
0
0
0
0
0
2257950
0
0
1139448
125423
2824957
125423
0
0
0
0
0
2640765
0
0
214575
0
0
379223
0
2870783
0
0
63101
0
0
63101
0
0
0
1958442
0
0
0
0
0
0
0
0
0
2467604
0
0
0
0
0
0
0
0
0
0
0
0
0
781469
0
0
0
0
0
0
0
0
0
0
0
0
0
0
0
0
0
0
0
1962376
0
0
0
0
0
0
0
0
0
0
0
0
0
0
1570465
2783771
0
0
306707
0
0
0
0
0
0
0
0
0
0
0
11953
0
0
0
0
98852
0
463383
0
0
165428
0
828385
0
0
0
86899
0
0
0
0
0
294754
0
0
0
0
153475
0
0
227906
0
2036220
0
1517899
0
0
0
0
0
0
289701
0
356283
0
0
0
0
0
0
0
0
289701
0
212641
0
3603737
86899
0
878013
212641
0
0
0
0
0
0
0
0
0
0
0
0
0
0
0
0
0
0
0
0
995736
0
1421476
0
0
0
0
150280
0
1505693
211385
0
758449
522413
0
146065
0
1508491
86899
0
86899
207170
0
0
0
1069948
0
0
146065
0
146065
146065
0
0
0
0
3358022
0
0
0
0
812754
119461
660414
0
0
573515
789179
32562
0
0
0
86842
0
234077
0
0
32562
1899528
1510330
0
0
86842
32562
86842
48465
152451
0
367655
0
48465
0
0
0
0
1720959
0
0
0
48465
0
0
192282
0
114074
0
279370
622803
0
98171
0
98171
0
0
0
0
0
0
0
0
0
0
382680
0
0
0
0
0
32562
110770
0
32562
166675
32562
32562
773838
32562
86951
0
0
0
336830
0
0
0
0
0
0
32562
0
232594
0
32562
32562
0
32562
0
0
0
32562
1563457
1454968
0
0
0
0
0
2395907
0
32562
32562
32562
0
165749
0
0
0
32562
2639380
0
837563
32562
1912541
1486693
32562
0
165749
133187
133187
746763
0
0
165749
0
0
0
0
0
32562
0
0
3205362
32562
1632005
466181
32562
0
32562
32562
0
2330451
0
0
0
0
32562
0
1834808
1396637
0
0
3131776
0
2793020
0
0
0
0
0
1224244
0
0
0
0
0
0
0
0
0
0
0
831767
0
0
0
0
0
0
1205665
126025
0
1063506
928578
0
928578
2642471
0
0
647009
0
60464
0
60464
0
60464
2937959
0
145110
1282908
0
0
0
0
0
0
60464
0
0
0
0
0
0
1062279
0
0
0
0
0
0
0
60464
0
2122405
2932756
60464
0
0
876275
0
0
0
0
0
0
0
60464
60464
0
0
0
0
0
0
0
741280
0
0
0
0
60464
60464
0
0
2479735
0
1472548
1631447
0
266330
0
488281
60464
0
0
0
0
141854
205866
0
0
0
0
0
60464
60464
0
0
279061
109783
189192
0
0
189192
1804887
0
0
279061
0
60464
0
0
60464
0
0
426780
401591
0
0
1380366
936586
0
0
0
0
0
366316
0
0
0
0
0
0
0
0
109783
0
0
60464
475408
0
535872
60464
0
0
0
0
0
324453
0
0
0
335235
743719
2774573
0
0
708807
451641
0
0
0
139873
0
0
0
60464
0
0
0
1793163
0
0
0
0
0
0
152604
0
0
152604
695274
0
0
0
201195
0
0
1220563
0
0
0
1110733
547323
60464
201195
0
0
352513
3938435
0
0
352513
60464
0
0
0
0
0
1157240
0
0
0
0
0
395092
395092
0
0
0
0
60464
344567
0
0
0
0
0
906036
79409
0
0
866547
0
0
0
0
0
0
0
1316799
0
0
284103
102811
2081270
0
0
0
0
0
0
0
925618
0
0
0
284103
0
0
0
600336
0
0
4122157
1279267
0
293299
0
1056576
0
0
0
111989
0
0
0
430647
92705
0
0
0
0
48591
0
0
0
0
293299
0
0
0
0
3169696
2947495
0
391237
0
181292
0
0
0
0
391237
2053006
0
391237
0
0
0
0
0
0
2227726
0
0
0
0
0
0
0
339106
1404510
0
0
0
511856
0
88587
25189
0
0
0
0
0
88587
0
0
4071352
0
1908065
0
0
0
0
0
0
2334177
993522
660517
687096
0
0
0
0
0
0
117894
0
0
0
0
0
0
0
0
0
0
0
117894
0
0
0
0
0
0
25189
2662638
0
0
0
0
0
117894
92705
0
0
862305
0
0
0
1541922
0
0
0
1715516
92705
0
1267192
0
397827
3448052
1260281
1993033
0
1874141
369701
0
0
0
0
0
0
0
0
0
0
0
0
92705
808531
0
92705
0
0
0
92705
0
92705
0
2952517
0
92705
0
0
372189
879643
0
92705
0
0
0
3197451
3368127
0
0
0
2689011
1883820
0
3977684
92705
0
0
0
0
0
0
0
0
3386453
0
0
0
0
0
4431123
0
185037
0
0
0
0
0
0
0
0
1415693
0
388137
0
264326
0
0
551740
0
0
0
0
0
0
0
0
0
0
0
0
0
111595
0
0
175594
0
1342830
0
0
0
0
0
0
0
178340
0
0
0
0
0
0
2973769
525854
0
2525222
111595
0
0
0
1845962
178340
0
175594
0
2215168
0
0
2101606
2007159
0
0
0
3108536
0
977286
0
0
178340
0
0
0
111595
743970
2798382
1171512
0
0
96305
0
0
0
2175406
0
0
0
0
0
0
222616
0
889101
99051
0
99051
96305
0
0
3170647
0
0
0
99051
0
0
0
0
0
0
3036426
0
0
0
0
0
0
0
0
0
0
0
0
0
0
0
35052
0
0
32306
0
35052
0
0
0
32306
2773122
0
0
0
0
107656
107656
0
0
0
0
0
0
0
32306
0
0
0
397891
688667
0
0
0
107656
623092
0
0
146367
107656
0
0
0
94745
550916
1344365
0
0
0
75350
0
0
731157
0
2880070
0
0
0
1009406
0
0
62439
0
0
1139966
0
0
0
0
0
0
0
0
0
0
0
0
0
62439
0
0
0
0
0
0
0
0
0
0
828814
62439
0
0
828814
106542
0
0
484056
106542
0
0
0
0
0
0
0
0
0
0
62439
0
0
0
62439
648546
0
460245
0
0
0
3854253
0
0
0
0
304073
0
304073
0
2804592
0
0
0
0
0
0
304073
0
0
0
0
304073
698863
0
0
0
0
0
397806
0
397806
0
0
0
0
0
0
1777925
0
0
572041
3486323
0
0
0
93081
0
0
0
457900
230310
0
4892055
0
0
0
381130
0
0
0
945271
0
93081
0
0
0
0
0
353703
0
0
0
0
0
0
476473
0
0
457900
0
0
0
0
0
0
0
0
457900
0
0
0
2449192
0
0
0
232107
0
0
0
0
0
0
0
766496
0
0
0
0
473136
0
0
0
976825
297805
0
0
0
0
0
2161598
0
279232
0
175035
0
0
0
0
0
0
0
0
0
0
0
0
0
0
0
0
0
0
0
0
242174
0
0
1063922
0
1223657
478364
0
0
0
0
0
94878
0
0
0
0
0
0
1367521
0
0
0
0
0
0
4301293
0
0
122305
2430485
0
0
0
2285530
0
65218
0
2276963
709903
0
0
0
217648
0
0
0
0
0
65218
0
4414667
612636
0
2168648
0
0
0
0
0
663882
0
0
0
1100579
820332
1149743
0
0
0
0
0
0
0
0
0
0
0
0
1603186
0
3130361
0
0
0
0
554603
0
0
29660
400307
0
3005645
483518
0
0
0
0
0
0
0
0
1848402
0
0
0
0
0
0
0
0
0
0
0
0
0
0
0
0
0
0
0
0
1337315
3961686
848480
0
0
0
0
0
4228266
0
0
0
1195649
0
4379841
0
0
834653
29660
0
0
0
0
389796
3104232
0
1162564
0
0
0
0
0
0
0
0
29660
389796
427076
0
0
0
333241
0
0
0
0
0
0
0
29660
766780
0
0
0
0
0
0
0
0
0
463513
0
0
0
0
142882
0
0
0
2835180
426233
0
29660
0
0
0
0
0
0
1913612
3180338
0
0
505903
1988124
0
0
0
0
0
933493
0
0
0
0
0
0
663448
28515
28515
0
0
0
5409122
2027312
0
0
0
0
0
2471802
3418909
0
0
0
0
0
0
0
0
0
2888919
0
0
0
1422704
0
0
647502
0
309470
0
3855389
0
0
0
0
0
0
1364774
0
0
0
0
0
0
0
0
0
0
0
0
0
0
0
0
0
191341
1259768
938960
3829629
0
0
0
346414
0
191341
2862469
0
474461
0
3842720
0
0
653226
887390
0
0
0
0
0
223313
0
0
0
0
0
0
276714
0
434246
0
2142658
0
0
1218931
0
71085
0
0
0
0
0
71085
0
480013
0
0
0
0
0
0
0
0
0
370545
1128411
0
973709
0
0
468778
0
0
71085
1115841
0
0
0
71085
468778
0
413467
0
71085
0
0
667028
0
0
0
0
0
0
0
0
0
0
0
0
0
0
1342726
0
655793
0
0
0
0
0
0
0
218022
0
2309740
455190
0
0
0
331147
128047
0
0
0
0
655793
0
329975
0
329975
0
1163591
3262110
889148
0
0
0
0
7180438
0
0
278375
0
278375
0
0
0
0
0
0
0
0
0
0
0
0
0
454310
0
0
0
3866873
0
0
0
0
0
127477
1602047
218747
0
0
0
120514
218747
0
3360507
218747
2890012
0
0
0
0
0
0
0
0
0
0
0
0
0
0
0
428733
0
0
0
0
4437830
203
0
0
215722
0
0
203
0
0
0
0
1578993
0
0
0
0
0
448023
1448079
1073525
203
0
0
0
0
0
0
0
0
5692234
5718849
0
0
0
0
346760
0
0
0
0
0
0
0
0
346760
0
0
0
346760
0
0
1695126
0
0
0
0
0
0
1293562
1002725
0
0
2235100
0
0
0
0
0
0
0
0
0
0
3257098
0
2674832
0
0
0
0
0
0
0
0
0
0
0
0
0
0
0
0
0
0
0
0
0
99501
0
4207687
0
0
4420804
0
0
75419
0
684305
0
281181
0
0
0
0
0
0
0
0
0
0
1752487
938015
2770853
0
0
0
0
75419
0
725211
913434
2613022
0
0
4000085
0
0
0
0
0
4037416
0
1019633
0
29732
0
0
477826
203
0
0
0
0
0
0
0
0
2662346
207242
203
0
0
0
0
0
0
52127
0
0
946171
0
0
0
0
0
0
6946217
0
0
0
0
0
8377051
0
0
5380839
29529
0
0
0
0
0
178200
0
0
0
5840749
1041637
0
159472
6449711
0
0
0
291086
0
291086
0
0
0
527332
2293024
0
0
0
0
29529
0
977074
432600
29529
0
120418
634350
0
2795960
1680113
0
0
0
0
0
0
0
477788
0
6686587
0
1611710
0
0
0
0
0
0
0
0
1002336
0
0
0
430270
249146
0
0
335977
249146
0
159472
159472
0
0
0
0
0
0
3195456
0
0
670164
4177577
3074328
0
0
3464570
0
0
0
0
0
0
136874
7055446
220970
820222
0
0
3146915
0
0
29529
0
0
0
0
0
509551
0
0
0
0
528220
8097910
0
0
1862246
0
0
0
0
0
0
0
7960575
220970
0
0
0
0
0
575489
0
29529
0
2196605
5206374
0
0
0
0
0
0
0
97422
0
0
0
0
0
0
9254053
0
0
1947106
0
0
0
0
0
0
5373173
0
0
1770963
0
0
0
0
4155922
0
0
0
0
0
0
0
0
0
0
0
28839
0
0
0
0
0
170927
601934
0
0
0
425492
4462033
0
6189952
0
0
0
852866
761749
4073845
0
0
28839
0
0
0
0
0
0
0
0
1225737
0
0
0
0
0
0
1068984
850965
149440
2524198
0
0
3873122
0
0
0
0
0
0
0
0
2328698
0
74027
149440
28839
0
0
0
0
0
1399921
0
0
0
0
0
0
0
0
0
0
0
0
3814244
2733340
4385992
407995
0
0
0
0
0
0
0
1563600
9153565
1839499
0
0
0
0
0
7893881
0
0
0
0
5597833
0
4766034
28839
731259
0
28839
0
0
0
0
0
2485138
0
0
1685396
0
0
0
0
0
1005368
0
1837247
2760348
0
1653138
0
0
0
1429286
547125
0
0
0
0
0
159765
726802
0
0
221819
0
0
0
0
1500043
0
0
0
0
0
0
0
0
0
0
0
0
0
0
99823
0
0
0
0
0
0
0
0
0
0
7478470
0
0
6939284
0
3914455
2270951
0
0
0
0
0
0
0
0
2488314
0
0
0
0
0
0
0
0
0
0
0
5595831
0
0
0
0
0
513738
0
2276209
6730150
147792
0
806201
0
5222497
70984
0
6964835
0
0
538789
0
0
0
513738
0
834938
0
0
0
0
0
0
0
0
0
5250075
314840
0
0
0
0
0
889386
449114
4065042
0
0
314840
0
0
0
0
6238970
0
0
0
1391047
358276
0
0
3939791
790043
6629286
0
2564416
76808
0
0
608359
0
0
2912429
0
0
0
0
6667959
0
0
980247
0
0
0
1368185
0
642630
0
0
155468
0
0
0
0
0
0
0
0
1060291
508298
2376644
0
217485
0
0
0
0
0
0
0
616541
569841
0
0
0
0
0
0
0
0
1130490
6930671
0
0
0
0
0
2083881
659959
0
0
1806069
0
0
0
329309
0
0
0
0
0
3218377
0
0
0
223772
0
0
0
1438959
138825
182261
0
0
0
138825
0
3032774
76808
76808
0
0
0
3035559
1824295
0
0
0
0
0
1152594
1152594
0
0
0
0
4254126
0
0
0
0
0
0
0
651951
5374545
0
0
747201
0
0
0
0
138825
182261
0
0
329309
0
0
0
6871096
0
0
329309
0
329309
1988919
0
0
0
428652
1811014
0
0
455856
0
0
8180382
0
0
978105
161755
0
0
0
2072214
0
0
120244
2285514
0
0
511658
0
0
0
161755
0
934942
0
0
2310508
0
437973
0
1992450
0
2095015
0
76808
0
0
7377977
0
0
380744
0
0
1435149
76808
0
0
0
1932739
1435149
0
0
0
1920865
6864264
0
0
0
0
0
481599
0
442073
0
0
0
0
76808
1406347
0
0
0
0
0
0
1890816
0
120244
5025022
0
290925
76808
0
0
0
0
120244
1746254
0
0
493473
0
1060242
757531
0
0
43436
0
0
0
4146638
0
0
0
0
0
0
0
0
917385
422135
5868740
0
0
43436
1542917
0
0
0
0
0
0
0
473172
0
0
43436
0
373829
0
0
0
43436
0
0
117121
0
0
0
43436
0
234110
0
0
0
0
0
0
0
0
0
0
0
1405655
3042304
0
0
3149782
568979
0
1011601
750972
6288492
0
0
279356
4150471
0
0
738384
73685
486027
0
0
0
0
299552
0
0
0
407991
0
3682855
213404
0
3122006
0
0
0
0
0
0
0
0
213404
0
0
0
0
0
0
0
213404
56390
162367
0
1556864
0
0
31437
0
339096
162367
0
0
0
0
0
162367
0
0
0
0
213404
0
0
73685
3340295
2600138
0
0
0
0
0
0
485528
0
0
1892244
0
1254675
0
0
42248
0
0
0
0
0
0
181967
0
42248
0
566991
0
0
0
0
0
88682
1242946
139719
0
0
0
0
0
380859
918968
88682
0
0
0
0
411285
88682
88682
179534
0
0
4338607
0
0
0
0
126376
0
0
0
0
0
0
0
0
0
150288
0
0
0
4542893
0
3826931
0
0
0
0
0
0
122393
0
0
0
0
4342995
0
0
0
0
0
0
0
0
0
6253816
0
0
0
443946
0
0
0
0
0
0
0
0
0
0
0
0
0
0
2075648
0
0
0
0
0
0
0
0
0
1284658
0
0
0
0
0
4121224
0
0
0
0
0
0
0
0
0
0
0
0
0
193524
2958377
0
0
0
0
0
1964851
0
193524
0
0
0
0
0
0
0
388913
35524
0
0
0
0
35524
0
127159
0
0
0
0
2103006
0
0
840352
0
0
0
0
0
1692843
0
3911919
0
0
3435928
0
0
944106
0
0
0
0
0
0
0
0
0
0
0
1638933
0
0
0
927169
0
0
0
0
0
4385786
0
0
0
0
0
0
0
0
458789
0
108013
0
1612146
0
0
0
0
2353634
0
0
0
0
0
66401
50023
0
4799106
0
187283
614793
0
0
0
0
0
0
0
0
0
0
0
477001
0
0
1407804
477001
0
2264786
0
0
0
0
0
0
0
657087
0
0
0
0
0
0
0
0
0
864669
0
0
389538
0
0
0
0
0
0
0
0
1752375
0
170905
0
0
223616
0
0
133903
0
1585050
0
0
0
0
0
223616
0
0
50023
0
0
0
477001
0
4841745
0
3612634
0
0
0
0
337406
0
0
1816241
0
0
0
0
0
0
0
0
439694
0
0
0
0
0
0
72541
0
339841
0
439694
0
1025262
2194857
0
0
0
0
0
2441207
0
0
0
0
0
0
0
0
0
0
160004
0
0
0
0
0
0
0
0
0
311827
0
0
0
0
0
0
311827
1423627
0
0
0
0
0
0
0
0
0
0
0
0
0
2241181
0
0
0
0
0
0
0
0
704130
0
0
0
0
0
0
0
0
495631
242058
0
0
0
0
0
0
417768
0
169517
818115
0
108864
0
0
87463
87463
0
0
0
0
0
0
0
0
0
0
0
0
0
0
0
0
0
0
0
0
0
0
0
1038037
0
0
0
0
87463
0
0
0
0
0
0
664500
0
87463
0
0
0
0
0
0
0
0
0
87463
170552
0
0
0
0
0
0
0
0
0
2303215
0
3286707
0
87463
0
4759430
0
0
87463
0
0
0
87463
262692
87463
0
0
0
0
87463
0
0
0
0
533701
0
170552
0
0
0
0
490438
0
0
0
0
0
0
173110
0
0
0
0
87463
0
593950
0
87463
0
0
0
0
0
0
0
170552
87463
87463
3650400
0
0
0
0
170552
0
0
0
0
0
83089
85647
0
2086221
0
0
0
0
0
0
0
0
0
0
0
0
932572
0
0
0
0
0
0
0
0
0
83089
0
0
0
83089
0
0
0
227158
0
0
227158
0
0
0
4509016
0
83089
0
0
0
0
0
0
0
0
0
0
0
0
0
0
132608
0
0
0
0
0
0
144069
0
1130922
83089
0
0
0
0
233376
0
3394722
0
83089
4416488
0
0
0
0
0
0
0
0
0
83089
0
995493
0
0
0
0
0
0
0
0
1327361
0
0
0
0
0
725566
0
0
0
227158
0
0
0
0
0
0
0
0
0
132608
0
0
0
0
0
0
0
1095933
0
0
0
0
0
0
144069
0
0
0
0
0
144069
0
833374
0
0
0
0
0
0
0
0
0
0
0
742273
0
0
0
0
0
397724
0
0
0
0
0
0
0
0
0
0
0
0
0
0
0
0
0
0
0
0
0
0
0
144069
0
0
4018301
370699
0
0
1711826
0
49519
0
0
0
0
0
0
0
0
0
0
144069
0
0
0
0
0
0
0
0
0
0
0
2000598
0
0
0
0
0
0
0
0
0
0
0
0
0
0
144069
0
0
0
0
94550
0
0
0
2914968
0
926003
0
3052794
0
0
2036730
0
0
94550
0
0
0
0
0
0
0
0
561343
0
0
0
0
1577546
0
0
0
0
0
0
0
0
0
1477135
489670
0
0
0
0
2067367
94550
0
4675060
0
0
0
0
0
1774631
0
0
0
0
0
0
0
0
0
0
0
0
0
0
94550
0
0
0
0
0
94550
0
275206
0
0
321569
0
0
0
0
321569
0
4316626
0
0
892969
0
0
0
0
0
0
0
0
0
0
0
0
5701497
0
0
0
0
0
0
0
0
0
383903
0
0
6079877
0
0
0
0
0
0
0
0
0
0
0
0
0
0
0
0
0
0
0
0
5789238
0
0
0
0
0
0
0
0
0
0
0
0
0
0
0
0
0
0
0
0
0
0
0
0
0
0
0
0
2632173
0
0
0
490585
0
0
0
193636
0
0
0
107105
0
0
0
4718432
0
0
0
0
0
0
0
0
0
457665
0
0
5254308
0
0
0
12686
100986
0
186930
0
79728
0
0
0
0
0
79728
0
0
0
12686
0
0
6147482
0
0
0
0
0
0
0
0
0
0
0
5865358
0
0
0
0
0
0
0
0
0
0
0
0
6004445
0
0
0
0
0
0
0
67042
0
0
0
0
0
0
0
0
3737250
0
0
0
0
0
0
0
0
975881
219504
0
0
3104434
0
0
0
0
0
1720712
0
0
0
88300
88300
0
219504
219504
0
0
0
0
0
0
0
0
0
0
0
0
0
0
0
0
0
0
0
2968660
0
0
0
0
0
0
0
0
0
0
2511004
415361
0
0
0
1669673
0
0
1291700
0
0
0
0
0
3872924
0
0
0
0
0
0
0
0
0
0
0
0
0
0
0
5488948
975588
0
0
0
808188
0
0
0
0
0
0
0
0
0
0
0
0
0
0
0
0
0
0
0
39301
0
0
0
0
0
3066440
0
0
352594
0
1366212
0
0
0
0
0
1204574
0
0
0
0
0
0
0
0
0
0
466799
0
0
0
0
0
0
4793687
0
1191950
0
2491826
0
1000570
0
0
0
0
0
3624025
0
0
0
0
157595
232349
0
0
0
0
0
0
0
0
0
0
6576239
0
0
0
0
0
0
0
0
0
0
0
0
0
0
0
0
0
157595
0
0
3935682
0
0
0
0
0
0
69949
0
0
69949
0
0
0
451398
0
0
0
0
0
0
0
0
0
7040230
0
69949
0
0
0
0
0
0
69949
0
0
2029343
5614212
0
0
0
0
0
0
0
0
0
0
0
4750151
0
0
0
69949
0
0
603723
0
0
0
2649257
0
1818591
0
401272
1236435
2020514
0
0
0
157595
0
0
0
0
0
157595
0
0
0
1071572
0
0
0
0
0
0
0
0
0
0
0
0
0
0
1058578
0
401272
359015
2367407
0
0
0
299143
0
1609293
0
585884
0
1397682
0
0
0
2012306
0
0
0
3674203
0
0
0
0
0
0
0
0
0
3776378
0
0
0
0
0
0
0
0
0
0
0
0
6480249
0
2639127
0
0
0
0
1188874
129903
2487887
0
0
0
0
0
87646
0
0
0
0
129903
0
0
0
0
1603384
0
0
0
0
0
488235
0
806510
0
3439275
0
0
2009517
0
0
3564774
0
561999
0
0
0
0
0
0
0
0
0
0
0
0
0
0
0
0
0
0
0
916887
0
2914363
378565
0
0
0
0
0
0
0
0
0
379159
0
0
0
1167897
186947
0
0
0
0
0
4151008
0
0
0
0
0
0
0
0
0
42257
0
0
0
0
0
0
0
0
0
0
0
5880503
0
0
0
0
0
0
3272485
0
0
0
4524500
0
0
155292
383231
0
0
0
0
0
0
0
0
0
0
0
1191864
0
83595
2015561
0
0
0
0
0
0
0
3106185
0
0
0
6219987
0
0
0
0
0
0
0
42257
0
270201
2759134
0
115250
0
0
0
0
0
0
0
0
0
0
0
0
0
0
529635
0
4142941
0
0
270201
0
0
42257
0
0
0
0
0
0
0
0
0
0
0
1937035
0
418839
0
0
0
0
0
0
0
0
0
0
0
0
418839
1408715
0
270795
0
0
0
0
0
0
0
0
0
0
0
0
290517
449918
0
0
0
0
0
1304480
0
0
0
0
0
0
0
290517
0
0
187261
0
0
1266484
1530716
0
0
0
187855
0
0
0
6515918
0
0
0
0
0
0
290517
0
0
0
0
441103
0
1296660
4995418
187855
0
0
512422
0
0
0
0
0
0
368110
114862
0
0
0
0
0
0
0
0
0
1215239
0
1063555
6492304
0
1826285
0
0
1091707
0
0
50467
0
0
0
0
0
0
0
0
0
0
1916767
0
0
0
0
6593928
583484
50467
0
0
0
0
0
0
0
42257
0
961063
0
0
0
0
257695
49873
0
42257
0
0
0
0
0
257695
0
0
0
0
0
0
566489
0
0
42257
0
50467
0
0
0
0
0
0
645636
0
0
2490690
2490690
42851
0
218937
42851
4522507
0
0
0
217199
0
0
0
0
0
0
0
0
1731575
0
0
3820563
0
0
0
0
0
0
0
1756916
0
0
0
1860047
0
0
0
0
0
0
0
0
164020
0
559577
267489
0
0
0
0
0
594
3151233
164020
164020
0
832075
0
164020
0
8035461
0
0
0
0
0
0
0
0
6637567
633976
0
0
0
164020
0
594
0
0
0
2141327
0
0
0
594
0
0
0
616615
0
594
6511361
7833646
0
0
0
0
0
164020
857698
1445341
1271451
0
594
0
0
0
165892
0
0
0
0
0
6694178
0
0
594
594
0
0
0
0
0
0
2066644
0
0
0
0
0
797283
0
0
164394
0
0
0
123281
0
0
78876
0
6615037
0
927344
167566
0
64097
594
0
0
0
4722019
64097
222079
0
0
4395674
0
0
0
0
0
0
0
0
0
0
0
0
0
0
64097
0
0
0
0
64097
0
1958943
0
0
0
4209351
3104727
292345
64097
0
0
0
0
2719015
0
140685
0
0
0
0
126453
0
0
0
0
686760
0
0
2137500
1100492
1819069
0
0
0
2723692
0
0
2996425
0
0
0
0
0
2301252
2285337
0
64097
0
0
0
0
0
0
0
0
0
0
64097
64097
0
0
0
0
0
0
0
594
1118336
0
6239349
2796509
64097
229872
0
0
0
0
0
0
1903159
1690981
0
2290650
0
0
0
0
0
76749
0
0
62517
165936
0
1148817
0
0
62517
0
0
594
62517
0
0
0
0
0
0
0
1329777
2832065
0
0
0
1559632
0
0
0
2378606
0
0
0
0
0
1633812
1914852
62517
62517
0
0
76749
594
0
62517
0
0
0
0
0
0
0
799860
0
62517
0
0
62517
1012612
0
0
0
0
4734560
0
0
0
0
0
0
0
0
0
0
0
707911
5473261
0
0
292991
0
0
62517
134658
0
594
749599
0
2228123
0
0
0
0
0
0
0
0
0
594
0
0
0
0
0
0
0
0
0
0
0
0
0
0
0
0
0
2284040
0
594
594
594
72735
0
295136
0
0
0
0
72735
0
0
0
0
0
0
0
0
0
594
0
594
332425
0
0
594
0
0
594
0
1915353
0
0
0
0
0
594
0
26975
0
0
615425
0
0
594
594
0
0
0
265359
118242
0
0
0
0
0
0
0
0
1723284
0
0
0
173498
0
0
1226951
0
1677789
0
0
0
0
0
390079
0
26381
0
0
0
0
0
0
0
0
0
0
0
0
26381
0
0
0
0
0
0
1149099
75734
0
0
0
0
0
0
0
0
0
0
0
0
0
0
0
0
0
0
470222
0
94583
0
0
0
0
0
0
0
0
549714
0
0
0
0
0
0
0
0
0
0
0
0
0
4364750
94583
0
0
0
0
0
0
128622
0
0
0
0
0
0
0
0
0
0
0
0
0
0
0
0
0
0
0
497576
0
0
63801
0
0
0
0
0
0
0
0
0
0
0
0
0
897089
0
0
0
0
0
0
0
2376499
0
0
0
0
0
0
0
29762
0
0
0
0
0
29762
0
0
0
0
0
63801
1357480
0
0
0
0
0
376093
0
0
0
0
0
0
0
0
1134628
5224838
0
1964125
0
0
0
946286
0
0
0
0
0
0
4013238
155267
0
0
0
0
0
0
0
0
0
0
0
0
0
2845415
3495693
0
0
0
0
0
0
0
0
0
0
0
0
0
0
0
0
5315687
29762
0
0
0
0
6006990
0
155267
0
0
0
0
4300288
0
0
0
0
3708720
0
0
0
155267
0
0
0
0
0
0
0
0
0
155267
0
5038084
0
0
0
0
0
0
0
0
253141
0
0
5874870
0
0
0
4130565
0
915744
0
0
4542659
0
0
0
0
0
0
0
0
0
0
569105
0
125505
828794
395775
0
0
0
0
0
0
0
0
0
0
0
0
125505
486107
3831409
0
0
0
0
0
0
0
125505
0
0
0
1726332
0
0
0
0
0
0
0
0
0
0
1797801
0
0
0
0
0
0
0
0
0
0
0
0
900501
0
0
0
0
803253
5751932
0
0
0
0
0
0
0
1277426
0
91466
0
0
0
0
144742
0
0
0
0
91466
0
0
0
0
0
0
0
0
0
0
53276
0
0
0
0
0
221877
0
0
0
0
1121659
0
0
0
2922051
0
1318
0
0
0
0
0
0
0
0
0
0
0
0
0
0
0
0
0
0
0
2376009
0
0
0
0
320497
0
0
0
3378406
0
0
0
0
0
0
0
0
0
0
0
0
305615
157985
0
0
0
0
0
0
0
0
0
0
0
871264
0
507536
0
0
0
0
0
0
0
0
0
0
0
0
0
0
0
0
0
0
0
0
0
0
0
0
268405
0
0
0
0
0
0
0
0
0
0
96297
0
0
0
0
0
0
0
0
0
0
55545
0
0
0
0
0
0
0
0
0
0
0
0
347505
0
0
0
0
0
0
0
0
0
0
0
0
2039916
518206
0
0
0
0
2724417
0
0
0
0
0
0
0
0
0
113790
0
0
3612791
51022
0
0
0
990833
0
0
0
0
0
0
0
0
0
0
0
0
0
0
0
0
0
0
0
0
0
0
0
0
0
0
0
0
0
0
0
916912
0
0
0
0
1527953
0
0
0
0
0
51022
0
0
0
0
0
51022
0
0
0
0
0
0
0
0
0
0
0
0
0
0
51022
0
0
0
0
0
0
0
0
0
0
0
0
0
0
0
0
0
0
0
0
0
0
42955
0
0
0
0
0
0
0
0
0
0
0
0
0
889401
0
0
0
0
0
0
0
0
0
0
0
0
0
0
0
0
0
0
0
0
0
0
42955
0
497914
0
0
490578
0
0
3930788
0
0
0
0
0
2878936
0
0
0
0
0
0
0
0
0
0
0
42955
0
0
0
0
0
0
0
0
0
1210453
0
2180930
0
0
230202
0
0
0
0
0
291338
0
0
0
0
0
42955
42955
0
3287830
0
0
0
0
287046
42955
0
0
0
0
0
0
0
0
0
0
0
0
0
0
0
0
0
0
1136735
0
0
0
0
0
0
0
0
0
0
0
105876
0
0
0
0
0
0
0
0
0
0
0
0
0
0
0
0
0
0
0
3745377
0
227267
105876
0
0
198582
0
0
0
0
227267
0
3605000
0
0
0
0
0
1268051
0
512897
0
0
0
0
0
0
2201214
0
0
0
0
2439904
0
0
523574
0
0
0
0
0
0
0
2178572
0
0
0
0
3648361
0
0
0
0
0
0
0
0
0
0
0
92706
0
0
0
0
0
0
0
0
0
0
606131
0
0
0
0
1039904
35862
0
902796
0
0
0
0
0
0
0
1893187
0
0
0
0
0
0
0
0
0
0
0
0
0
0
0
0
0
67909
28526
0
0
0
0
0
0
0
0
0
0
0
0
0
0
0
0
0
0
0
0
0
0
0
0
918345
0
0
0
0
0
0
0
0
0
554190
0
87983
2845486
0
0
0
0
0
0
0
0
0
0
0
1930022
0
0
0
0
28526
28526
0
0
0
0
0
0
0
0
0
0
3449005
273301
0
0
0
0
0
0
0
0
0
0
0
0
0
0
0
0
0
0
0
0
0
0
792726
0
0
28526
0
0
0
0
0
0
0
0
0
0
0
0
0
0
0
0
0
0
0
4208422
0
0
0
28526
0
532177
0
0
0
0
0
0
0
0
276602
0
0
0
0
39383
0
0
0
0
632351
0
0
0
0
0
0
0
39383
0
0
0
0
797999
429139
0
0
0
0
0
0
0
0
0
0
0
0
0
0
656842
0
0
0
0
0
0
0
0
0
0
0
0
0
0
247639
164827
0
0
0
0
0
0
0
0
0
0
0
0
0
34554
0
0
0
0
0
0
0
0
0
0
0
0
0
0
0
0
0
0
0
0
0
0
0
0
0
0
0
0
0
0
0
0
0
0
0
0
0
34554
0
0
0
0
0
0
0
0
0
0
0
0
0
0
0
0
0
0
0
0
0
0
0
0
0
0
0
2704780
0
0
0
0
0
0
0
0
0
0
0
0
0
0
0
0
0
0
0
0
0
123581
227590
0
0
0
0
0
0
538125
0
0
0
0
0
0
0
0
0
0
0
0
0
0
0
0
0
0
0
0
0
0
0
0
0
0
0
0
0
0
0
0
0
0
0
0
0
0
0
0
0
0
0
2892475
0
0
0
0
677656
0
0
0
0
0
0
0
0
0
0
0
0
0
0
607344
0
0
0
0
0
0
0
0
0
0
0
0
0
0
0
0
0
0
0
0
0
0
0
0
0
0
0
0
0
0
0
0
0
0
0
0
0
0
0
0
0
0
0
0
0
0
0
0
0
0
0
3337412
0
1553198
0
0
0
0
0
0
0
0
0
0
0
0
0
0
0
0
0
0
0
0
134273
0
0
0
0
0
0
0
0
0
0
3266228
0
0
0
0
0
0
0
0
0
0
0
0
0
0
0
0
0
0
0
0
0
0
0
0
0
0
0
0
0
0
0
0
74197
0
0
0
0
0
0
74197
0
0
0
0
0
0
0
0
0
0
0
0
0
0
0
0
0
0
66476
0
0
0
0
0
66476
0
66476
0
0
0
0
0
0
0
0
0
208776
0
0
0
0
0
71387
0
0
0
0
0
0
0
0
0
0
0
0
0
0
0
0
0
0
0
0
0
0
0
0
0
0
386583
0
0
0
0
0
0
0
0
0
0
0
0
0
0
0
0
0
0
0
0
0
0
0
0
66476
0
0
174000
0
0
0
0
0
0
0
0
0
0
278847
0
0
0
0
0
0
0
0
0
0
0
0
0
0
427807
0
0
0
1063600
0
0
0
0
78801
0
0
0
0
0
0
0
0
0
0
0
0
0
0
0
0
0
0
0
0
0
0
0
0
0
0
0
0
0
0
0
0
0
0
0
0
0
0
0
0
0
0
0
0
152207
0
0
0
0
0
0
0
0
0
0
78801
0
0
1867370
0
0
0
0
0
0
0
1299759
0
0
0
0
0
0
210580
0
0
0
0
0
0
0
0
0
0
0
0
0
0
0
0
0
0
1846813
0
0
0
0
0
0
0
0
0
0
0
0
0
0
0
0
0
0
0
0
0
0
0
0
0
0
0
0
0
0
1511597
0
0
0
0
0
0
0
0
0
0
290937
0
0
0
0
0
0
0
0
0
0
604779
0
0
0
0
0
0
0
0
0
0
0
0
0
0
0
0
0
0
0
0
116160
0
0
0
0
0
0
0
0
0
0
0
0
0
0
0
0
0
0
0
0
0
116160
0
0
0
0
255226
0
0
378614
0
0
0
255226
0
0
0
0
0
0
0
0
0
0
0
0
0
0
0
0
0
0
0
0
0
0
0
0
0
0
516969
0
0
0
0
0
0
0
0
0
0
561251
502664
0
0
736922
0
0
0
0
0
0
0
0
0
0
0
0
0
278792
0
0
0
0
0
2254500
0
0
0
0
0
0
0
0
0
0
0
0
0
0
0
40827
0
0
0
0
0
0
0
0
0
0
0
0
0
0
0
0
0
0
0
0
0
0
0
0
0
0
0
0
30975
0
0
0
0
0
0
0
0
0
0
30975
0
0
0
0
0
68086
0
0
0
0
0
0
37111
0
0
0
0
0
0
0
0
0
0
0
0
0
0
0
0
0
0
0
0
0
0
0
0
0
0
0
0
0
0
0
0
0
0
0
0
0
0
0
0
1840613
0
0
0
0
0
37111
0
0
0
0
0
0
0
0
0
0
0
0
0
0
0
0
0
0
0
0
0
0
0
0
0
0
0
0
0
0
0
0
0
0
0
0
0
0
0
0
0
0
0
0
0
0
0
0
0
0
0
0
0
0
0
0
0
0
0
0
0
0
0
0
0
0
0
0
0
0
0
0
37111
0
145966
0
0
0
0
0
0
99862
0
0
0
0
0
0
0
0
0
0
0
0
0
0
0
0
0
0
0
0
0
0
0
0
0
0
0
0
0
0
0
0
0
0
0
0
0
0
0
0
0
0
0
0
0
791624
0
0
0
0
0
0
87847
0
0
0
0
0
0
0
0
0
0
0
0
0
0
0
0
87847
0
0
0
0
0
0
0
0
0
0
0
0
353212
0
0
0
0
75748
0
0
0
0
0
0
0
0
0
645050
0
0
0
0
0
0
0
0
0
0
0
0
0
0
0
0
0
0
0
0
0
0
0
0
0
0
0
0
0
0
0
0
0
0
0
0
0
0
0
0
0
0
0
0
58236
0
0
0
0
0
0
0
0
0
0
0
0
0
0
0
0
0
0
0
0
0
0
0
0
0
0
0
0
0
0
0
0
0
0
0
898566
0
0
0
0
0
0
0
0
0
0
0
0
0
0
0
0
0
0
0
0
0
871225
0
0
0
0
0
0
0
0
358191
0
0
0
0
0
0
0
0
0
0
0
0
0
0
278509
0
0
0
0
0
0
0
0
0
0
0
0
0
0
0
625648
0
0
0
0
0
0
0
0
0
0
0
0
0
0
0
0
0
0
0
0
0
0
0
0
0
0
0
0
0
0
0
0
0
0
0
0
0
0
0
0
0
0
0
0
0
0
0
0
0
0
0
0
0
5127
0
0
0
0
0
0
0
0
0
429395
0
0
0
0
0
0
0
0
0
0
0
0
0
0
0
0
0
0
0
0
0
0
0
0
0
0
0
0
0
0
0
0
0
0
0
0
0
14120
0
0
0
0
0
0
0
0
0
0
0
0
0
0
0
0
0
0
0
0
0
0
0
0
0
0
0
0
0
0
0
0
0
0
0
0
0
0
0
0
0
0
0
0
0
0
0
0
0
0
0
0
0
0
0
0
0
0
0
0
0
0
0
0
0
0
0
0
0
0
0
0
0
0
0
0
0
0
0
0
0
0
0
0
0
0
0
0
0
0
0
0
0
0
0
0
0
0
0
0
0
0
0
0
0
0
0
0
0
0
0
0
0
0
0
0
0
0
0
0
0
0
0
0
0
0
0
0
0
0
0
0
0
0
0
0
0
0
0
0
0
0
0
0
0
0
0
0
0
0
0
0
0
0
0
0
0
0
0
0
0
0
0
0
0
0
0
0
0
0
0
0
0
0
0
0
0
0
0
0
0
0
0
0
0
0
0
0
0
0
0
0
0
0
0
0
0
0
0
0
0
0
0
0
0
0
0
0
0
0
0
625529
0
0
0
0
0
0
0
0
0
0
0
0
0
0
0
0
0
0
0
0
0
0
0
0
0
0
0
0
0
0
0
0
0
0
0
0
0
0
0
0
0
0
0
0
0
0
0
0
0
0
0
0
0
0
0
0
0
0
0
0
0
0
0
0
0
0
0
0
0
0
0
0
0
0
0
0
0
0
0
0
0
0
0
0
0
0
0
0
0
0
0
0
0
0
543314
0
0
0
0
0
0
0
0
0
0
0
0
0
0
0
0
0
0
0
0
0
0
0
0
0
0
0
0
0
0
0
0
0
0
0
0
0
0
0
0
0
0
0
0
0
0
0
0
0
0
0
0
0
0
0
0
0
0
0
0
0
0
0
0
0
0
0
0
0
0
0
0
0
0
0
0
0
0
0
0
0
0
0
0
0
0
0
0
0
0
0
0
0
0
0
0
0
0
0
0
0
0
0
0
0
0
0
0
0
0
0
0
0
0
0
0
0
0
0
0
0
0
0
0
0
0
0
0
0
0
0
0
0
0
0
0
0
0
0
0
0
0
0
0
0
0
0
0
0
0
0
0
0
0
0
0
0
0
0
0
0
0
0
0
0
0
0
0
0
0
0
0
0
0
0
0
0
0
0
0
0
0
0
0
0
0
0
0
0
0
0
0
0
0
0
0
0
0
0
0
0
0
0
0
0
0
0
0
0
0
171324
0
0
0
0
0
0
0
0
0
0
0
0
0
0
0
0
0
0
0
0
0
0
0
0
0
0
0
0
0
0
0
0
0
0
0
0
663703
0
0
0
0
0
0
0
0
0
0
0
0
0
0
0
0
0
35918
0
0
0
0
0
0
0
0
0
0
0
0
0
0
0
122007
0
0
0
0
0
0
0
0
0
0
0
0
0
0
0
0
0
0
0
0
0
0
0
0
0
0
0
0
0
0
0
0
0
0
0
0
0
0
0
0
0
0
0
0
0
0
0
0
0
0
0
0
0
0
0
0
0
0
0
0
259755
0
0
0
0
0
0
0
0
0
0
0
0
0
0
0
0
0
0
0
0
0
0
0
0
0
0
0
0
0
0
0
0
0
0
0
555576
0
0
0
0
0
0
0
0
0
0
0
0
0
0
0
0
0
0
0
0
0
0
0
0
0
0
0
0
0
0
0
0
0
0
0
0
0
0
0
0
0
0
0
0
0
0
0
0
0
0
0
0
0
0
0
0
0
0
0
0
0
0
0
0
0
0
0
0
0
0
0
0
0
0
0
0
0
0
0
1302655
0
0
0
0
0
0
0
0
0
0
0
0
0
0
0
0
5229
0
0
0
0
0
0
0
0
0
0
0
0
0
0
0
0
0
0
0
0
0
0
0
0
0
0
0
0
0
0
0
0
0
0
0
0
0
0
0
0
0
0
0
0
0
0
0
0
0
0
0
0
0
0
0
0
0
0
0
779733
0
0
0
0
0
0
0
0
0
0
0
0
123966
0
0
0
0
0
0
0
0
0
0
0
0
0
0
0
0
0
0
0
0
0
0
0
0
0
0
0
0
0
0
0
0
0
0
2819615
158103
0
0
0
0
0
0
0
0
0
0
0
0
0
0
0
0
0
0
0
158103
0
0
0
0
0
0
0
0
0
0
0
0
0
0
0
0
0
0
0
0
0
0
0
0
0
0
0
0
0
0
0
0
0
58405
0
0
0
0
0
0
0
0
0
1969311
0
0
0
0
0
0
0
0
0
0
0
0
0
0
0
0
0
0
0
0
0
0
0
0
0
0
0
0
0
0
0
0
0
0
0
0
0
0
0
0
0
0
0
0
0
0
0
0
0
0
0
0
0
0
0
0
0
0
0
0
0
35928
0
0
0
0
0
35928
0
0
0
0
0
0
0
173126
0
0
0
0
0
0
0
0
0
0
531556
0
0
0
0
0
565918
0
0
0
0
0
0
0
35928
0
0
0
0
0
0
0
0
0
0
0
0
0
0
0
35928
0
0
0
0
0
0
0
0
0
0
0
0
0
0
0
0
0
0
0
0
0
0
0
0
1550525
0
0
0
0
0
0
0
0
0
0
0
0
0
0
0
0
0
0
0
0
0
0
0
0
0
0
0
0
0
0
0
0
0
0
0
0
0
0
0
0
0
0
0
0
0
0
0
0
0
0
0
0
0
0
0
0
0
0
0
0
0
0
0
0
0
0
0
0
0
0
0
0
0
0
0
0
0
0
0
0
0
0
0
0
0
0
0
0
0
0
0
0
0
0
0
0
0
0
0
93740
0
0
0
1723290
0
0
0
0
0
0
0
1684327
0
0
0
0
0
0
0
0
0
0
0
0
0
0
0
0
0
0
0
0
0
0
0
0
0
0
0
0
0
0
0
0
0
0
0
0
0
0
0
0
0
0
0
0
0
0
0
0
0
0
0
0
0
0
0
148046
0
0
0
0
0
0
0
0
0
0
0
0
0
0
0
0
0
0
0
0
0
0
0
0
0
0
91470
0
0
0
0
0
0
0
0
0
0
0
0
0
0
0
0
0
0
0
0
0
0
0
0
0
0
0
0
0
0
0
0
0
0
0
0
0
0
0
0
0
0
0
0
0
0
0
0
0
0
0
0
0
0
0
0
0
0
0
0
0
0
0
0
0
0
0
0
0
0
3314124
0
0
0
0
0
0
0
0
0
0
0
0
0
0
0
0
341958
0
0
0
0
0
0
0
0
0
0
0
0
0
0
2780175
0
0
0
0
0
0
1906542
0
0
0
0
0
0
0
0
0
0
0
0
322608
0
0
0
0
0
0
201573
0
0
0
0
0
0
0
0
0
0
0
0
0
0
0
0
0
0
0
0
0
0
0
0
155345
0
0
14218
0
0
0
0
0
0
0
0
0
0
0
0
0
0
0
0
0
0
0
0
0
0
0
0
0
0
0
0
0
0
0
0
0
0
0
0
0
0
0
0
0
0
0
1178316
0
0
0
0
626783
0
0
3265
0
0
0
0
0
0
0
0
0
0
0
0
383246
0
0
0
0
0
0
0
0
0
0
0
0
0
0
0
0
0
0
0
0
0
0
0
0
0
0
0
0
0
0
0
0
0
0
0
0
0
0
0
0
0
0
0
0
0
0
0
0
0
0
0
0
0
0
0
0
0
0
0
0
0
0
0
0
0
0
0
188124
0
0
0
0
0
0
0
0
0
0
0
0
0
0
0
0
0
0
0
0
0
0
0
0
0
0
0
0
0
0
0
0
0
279883
0
0
0
0
0
0
0
0
0
0
0
0
0
0
0
0
0
0
0
0
0
0
0
0
0
0
0
0
105073
0
0
0
0
0
0
0
0
0
0
0
0
0
0
0
0
0
0
1647099
0
0
0
991538
0
0
0
0
0
0
0
0
0
0
0
0
331764
0
0
0
0
0
0
0
0
0
0
0
0
0
0
0
0
0
0
0
0
0
0
2258904
0
24911
0
0
0
0
0
0
0
0
0
0
0
0
0
0
0
0
2695870
0
0
0
0
0
0
0
0
0
0
0
0
0
0
0
0
0
0
0
0
0
98163
0
0
0
0
0
0
0
0
0
0
0
0
259301
0
0
0
0
0
0
0
0
0
0
0
259301
0
0
0
0
0
0
0
0
0
0
0
0
0
0
0
0
0
0
0
0
0
0
0
0
259301
0
0
0
0
0
0
0
0
0
0
0
0
0
0
0
0
0
0
0
0
0
0
0
0
0
0
0
0
0
0
162589
0
0
0
0
161138
0
0
1619501
0
0
0
0
0
0
0
0
426406
0
95841
95841
0
0
0
0
0
0
0
574925
0
0
0
0
0
0
0
0
1806974
475007
0
0
0
0
0
0
0
0
0
0
0
0
0
0
0
0
0
0
0
0
0
0
84117
0
0
0
0
0
0
0
0
0
0
0
0
0
0
0
0
0
0
0
0
0
0
0
0
0
0
0
0
0
0
0
0
0
0
0
0
0
0
0
0
0
0
0
0
0
0
0
0
0
0
0
1797551
0
0
208003
0
0
0
0
0
0
0
0
0
0
0
0
0
273971
0
0
0
0
0
0
0
0
0
0
0
0
