100
54.00467 -13.40482 28.55177
95.6688 12.91469 -78.64109
34.33801 32.1318 -72.85058
65.40092 42.51528 59.86699
83.81997 -43.21685 7.79097
4.92781 -1.98741 -87.21018
1.73401 75.25154 68.60041
52.71907 -21.74334 -18.54663
51.46454 31.91264 8.86973
52.87467 -67.7803 43.08668
82.26154 -46.14508 22.4435
69.55812 59.67758 2.48098
35.805 -13.78942 -80.07201
57.48275 35.2665 98.41378
65.91415 44.76501 88.00513
34.00767 87.30135 -94.392
79.96866 -46.94791 57.59563
93.3656 -65.33955 -22.21808
89.64198 21.06374 -7.9248
44.01966 78.71873 -11.541
94.71783 -43.62494 -19.47807
23.4372 24.08494 49.34492
82.01405 80.47859 -31.8825
58.81772 80.95622 -58.05741
97.4812 24.14634 15.97316
94.16324 10.13567 -0.48693
37.4598 6.39909 -6.60472
20.99551 41.61903 83.49585
5.45252 63.03049 -78.82949
73.13533 -75.92263 86.10922
29.86956 0.98375 83.71136
65.03511 -13.0364 -86.45798
42.42403 -51.67897 71.70027
75.5814 -21.84802 -67.29162
68.01809 -45.20117 44.4876
82.62129 42.92434 68.71302
29.89716 83.87939 42.67361
73.30369 -80.61666 -44.23409
66.48372 17.70953 -95.18163
94.82324 94.98389 52.26298
90.25771 -50.34522 2.84429
17.15824 -47.08698 69.63595
72.90967 77.48951 29.93161
69.39096 8.55512 -32.86544
4.42833 -71.57082 -85.11877
43.7959 26.93069 90.55992
36.77098 57.40326 -40.10083
95.77611 38.42353 56.22831
77.39709 61.94287 -81.25544
76.88478 -62.29654 -94.85842
68.17279 68.68403 14.44446
52.84423 -6.15209 -59.79119
6.61586 -0.02194 23.34867
13.02189 -88.2642 -77.45351
91.90041 -64.33371 21.7064
80.007 -90.04639 46.39957
42.18628 8.45227 55.48031
58.11602 -76.14257 -63.79373
85.09228 67.93205 -12.65517
43.88202 0.84532 -36.73959
79.79374 48.08123 50.46407
15.7419 -81.52271 22.10145
85.36761 12.73414 7.88745
5.51187 -66.12885 -71.65139
24.50304 56.11982 -22.12531
55.65769 -58.20402 9.03507
7.45097 -65.96077 82.00543
28.41277 80.74491 -99.96239
97.677 23.58662 -77.97211
40.74957 -81.72001 -49.3638
87.39509 -5.37072 79.77246
79.47402 -33.34243 63.35792
84.95553 31.56928 -29.27811
69.12764 63.48119 -23.66953
82.22876 73.085 22.13387
40.84828 81.66838 -33.39173
97.16878 98.89391 -64.79296
42.53376 66.25516 -0.56588
56.48435 5.8426 -19.56467
31.60553 2.84254 -32.24377
68.879 -10.25403 45.2787
90.00164 53.52604 -73.97716
8.45972 12.417 89.91532
35.84707 95.63293 36.87655
59.11256 -5.01246 -79.10396
31.2285 28.53152 -14.0073
26.52305 -83.79826 48.48201
25.09918 -43.30085 -67.46308
36.52184 37.34452 -36.37322
34.07806 -97.79245 52.49071
55.88631 62.9975 38.42867
58.41177 63.35291 -95.15978
2.06013 35.87734 -77.51161
37.85969 -20.68863 -22.19962
98.00362 65.54973 3.82973
86.68433 -73.93485 42.00264
96.70155 25.93762 69.9253
83.71811 10.74021 -79.21874
83.21587 -90.48499 -79.0276
9.56371 45.29199 14.0573
