100
80.2767 0 0
86.70986 0 0
22.43152 0 0
38.44101 0 0
59.95267 0 0
58.21784 0 0
78.22823 0 0
95.85579 0 0
65.78405 0 0
45.54644 0 0
89.90757 0 0
15.88967 0 0
92.0571 0 0
38.63321 0 0
61.63022 0 0
86.86239 0 0
61.2608 0 0
89.09715 0 0
71.79256 0 0
47.79561 0 0
27.8147 0 0
65.20423 0 0
6.53948 0 0
17.88658 0 0
9.31245 0 0
14.36456 0 0
43.35828 0 0
78.66803 0 0
33.78406 0 0
72.32939 0 0
13.60982 0 0
72.22142 0 0
19.10196 0 0
59.42659 0 0
60.67756 0 0
37.85766 0 0
72.01116 0 0
55.71382 0 0
36.36731 0 0
47.8707 0 0
93.79028 0 0
99.67678 0 0
9.22393 0 0
73.00466 0 0
18.70556 0 0
57.7438 0 0
18.08968 0 0
99.40722 0 0
72.57584 0 0
79.02611 0 0
90.52068 0 0
95.82883 0 0
47.05704 0 0
96.61437 0 0
6.35684 0 0
38.99047 0 0
89.4197 0 0
59.62703 0 0
89.40905 0 0
92.66269 0 0
6.05869 0 0
91.11114 0 0
34.65038 0 0
30.76616 0 0
64.67186 0 0
19.29783 0 0
24.26192 0 0
94.25167 0 0
26.50488 0 0
5.13713 0 0
47.65904 0 0
40.72989 0 0
64.5418 0 0
80.78654 0 0
71.90186 0 0
97.43174 0 0
99.28072 0 0
46.79461 0 0
82.37895 0 0
96.41591 0 0
12.01749 0 0
54.67934 0 0
32.23157 0 0
95.33218 0 0
77.7505 0 0
30.57019 0 0
1.37793 0 0
8.68852 0 0
48.95786 0 0
47.41381 0 0
25.83447 0 0
80.53804 0 0
5.80495 0 0
75.46518 0 0
83.30411 0 0
90.89609 0 0
73.7671 0 0
41.50251 0 0
35.47519 0 0
6.48207 0 0
