100
100 0.1 0.3
100 0.01 0
100 0.02 0
100 0.03 0
100 0.04 0
100 0.05 0
100 0.06 0
100 0.07 0
100 0.08 0
100 0.09 0
100 0.1 0
100 0.11 0
100 0.12 0
100 0.13 0
100 0.14 0
100 0.15 0
100 0.16 0
100 0.17 0
100 0.18 0
100 0.19 0
100 0.2 0
100 0.21 0
100 0.22 0
100 0.23 0
100 0.24 0
100 0.25 0
100 0.26 0
100 0.27 0
100 0.28 0
100 0.29 0
100 0.3 0
100 0.31 0
100 0.32 0
100 0 0
100 0.01 0.01
100 0.02 0.01
100 0.03 0.01
100 0.04 0.01
100 0.05 0.01
100 0.06 0.01
100 0.07 0.01
100 0.08 0.01
100 0.09 0.01
100 0.1 0.01
100 0.11 0.01
100 0.12 0.01
100 0.13 0.01
100 0.14 0.01
100 0.15 0.01
100 0.16 0.01
100 0.17 0.01
100 0.18 0.01
100 0.19 0.01
100 0.2 0.01
100 0.21 0.01
100 0.22 0.01
100 0.23 0.01
100 0.24 0.01
100 0.25 0.01
100 0.26 0.01
100 0.27 0.01
100 0.28 0.01
100 0.29 0.01
100 0.3 0.01
100 0.31 0.01
100 0.32 0.01
100 0 0.01
100 0.01 0.02
100 0.02 0.02
100 0.03 0.02
100 0.04 0.02
100 0.05 0.02
100 0.06 0.02
100 0.07 0.02
100 0.08 0.02
100 0.09 0.02
100 0.1 0.02
100 0.11 0.02
100 0.12 0.02
100 0.13 0.02
100 0.14 0.02
100 0.15 0.02
100 0.16 0.02
100 0.17 0.02
100 0.18 0.02
100 0.19 0.02
100 0.2 0.02
100 0.21 0.02
100 0.22 0.02
100 0.23 0.02
100 0.24 0.02
100 0.25 0.02
100 0.26 0.02
100 0.27 0.02
100 0.28 0.02
100 0.29 0.02
100 0.3 0.02
100 0.31 0.02
100 0.32 0.02
100 0 0.02
