1 1000
74 1 1481
2147483647
0 1 2147483647
0 19 1
0 20 1
0 21 1
0 22 1
0 23 1
0 24 1
0 25 1
0 26 1
0 27 1
0 28 1
0 29 1
0 30 1
0 31 1
0 32 1
0 33 1
0 34 1
0 35 1
0 36 1
0 37 1
0 38 1
0 39 1
0 40 1
0 41 1
0 42 1
0 43 1
0 44 1
0 45 1
0 46 1
0 47 1
0 48 1
0 49 1
0 50 1
0 51 1
0 52 1
0 53 1
0 54 1
0 55 1
0 56 1
1 2 2147483647
1 19 1
1 20 1
1 21 1
1 22 1
1 23 1
1 24 1
1 25 1
1 26 1
1 27 1
1 28 1
1 29 1
1 30 1
1 31 1
1 32 1
1 33 1
1 34 1
1 35 1
1 36 1
1 37 1
1 38 1
1 39 1
1 40 1
1 41 1
1 42 1
1 43 1
1 44 1
1 45 1
1 46 1
1 47 1
1 48 1
1 49 1
1 50 1
1 51 1
1 52 1
1 53 1
1 54 1
1 55 1
1 56 1
2 3 2147483647
2 19 1
2 20 1
2 21 1
2 22 1
2 23 1
2 24 1
2 25 1
2 26 1
2 27 1
2 28 1
2 29 1
2 30 1
2 31 1
2 32 1
2 33 1
2 34 1
2 35 1
2 36 1
2 37 1
2 38 1
2 39 1
2 40 1
2 41 1
2 42 1
2 43 1
2 44 1
2 45 1
2 46 1
2 47 1
2 48 1
2 49 1
2 50 1
2 51 1
2 52 1
2 53 1
2 54 1
2 55 1
2 56 1
3 4 2147483647
3 19 1
3 20 1
3 21 1
3 22 1
3 23 1
3 24 1
3 25 1
3 26 1
3 27 1
3 28 1
3 29 1
3 30 1
3 31 1
3 32 1
3 33 1
3 34 1
3 35 1
3 36 1
3 37 1
3 38 1
3 39 1
3 40 1
3 41 1
3 42 1
3 43 1
3 44 1
3 45 1
3 46 1
3 47 1
3 48 1
3 49 1
3 50 1
3 51 1
3 52 1
3 53 1
3 54 1
3 55 1
3 56 1
4 5 2147483647
4 19 1
4 20 1
4 21 1
4 22 1
4 23 1
4 24 1
4 25 1
4 26 1
4 27 1
4 28 1
4 29 1
4 30 1
4 31 1
4 32 1
4 33 1
4 34 1
4 35 1
4 36 1
4 37 1
4 38 1
4 39 1
4 40 1
4 41 1
4 42 1
4 43 1
4 44 1
4 45 1
4 46 1
4 47 1
4 48 1
4 49 1
4 50 1
4 51 1
4 52 1
4 53 1
4 54 1
4 55 1
4 56 1
5 6 2147483647
5 19 1
5 20 1
5 21 1
5 22 1
5 23 1
5 24 1
5 25 1
5 26 1
5 27 1
5 28 1
5 29 1
5 30 1
5 31 1
5 32 1
5 33 1
5 34 1
5 35 1
5 36 1
5 37 1
5 38 1
5 39 1
5 40 1
5 41 1
5 42 1
5 43 1
5 44 1
5 45 1
5 46 1
5 47 1
5 48 1
5 49 1
5 50 1
5 51 1
5 52 1
5 53 1
5 54 1
5 55 1
5 56 1
6 7 2147483647
6 19 1
6 20 1
6 21 1
6 22 1
6 23 1
6 24 1
6 25 1
6 26 1
6 27 1
6 28 1
6 29 1
6 30 1
6 31 1
6 32 1
6 33 1
6 34 1
6 35 1
6 36 1
6 37 1
6 38 1
6 39 1
6 40 1
6 41 1
6 42 1
6 43 1
6 44 1
6 45 1
6 46 1
6 47 1
6 48 1
6 49 1
6 50 1
6 51 1
6 52 1
6 53 1
6 54 1
6 55 1
6 56 1
7 8 2147483647
7 19 1
7 20 1
7 21 1
7 22 1
7 23 1
7 24 1
7 25 1
7 26 1
7 27 1
7 28 1
7 29 1
7 30 1
7 31 1
7 32 1
7 33 1
7 34 1
7 35 1
7 36 1
7 37 1
7 38 1
7 39 1
7 40 1
7 41 1
7 42 1
7 43 1
7 44 1
7 45 1
7 46 1
7 47 1
7 48 1
7 49 1
7 50 1
7 51 1
7 52 1
7 53 1
7 54 1
7 55 1
7 56 1
8 9 2147483647
8 19 1
8 20 1
8 21 1
8 22 1
8 23 1
8 24 1
8 25 1
8 26 1
8 27 1
8 28 1
8 29 1
8 30 1
8 31 1
8 32 1
8 33 1
8 34 1
8 35 1
8 36 1
8 37 1
8 38 1
8 39 1
8 40 1
8 41 1
8 42 1
8 43 1
8 44 1
8 45 1
8 46 1
8 47 1
8 48 1
8 49 1
8 50 1
8 51 1
8 52 1
8 53 1
8 54 1
8 55 1
8 56 1
9 10 2147483647
9 19 1
9 20 1
9 21 1
9 22 1
9 23 1
9 24 1
9 25 1
9 26 1
9 27 1
9 28 1
9 29 1
9 30 1
9 31 1
9 32 1
9 33 1
9 34 1
9 35 1
9 36 1
9 37 1
9 38 1
9 39 1
9 40 1
9 41 1
9 42 1
9 43 1
9 44 1
9 45 1
9 46 1
9 47 1
9 48 1
9 49 1
9 50 1
9 51 1
9 52 1
9 53 1
9 54 1
9 55 1
9 56 1
10 11 2147483647
10 19 1
10 20 1
10 21 1
10 22 1
10 23 1
10 24 1
10 25 1
10 26 1
10 27 1
10 28 1
10 29 1
10 30 1
10 31 1
10 32 1
10 33 1
10 34 1
10 35 1
10 36 1
10 37 1
10 38 1
10 39 1
10 40 1
10 41 1
10 42 1
10 43 1
10 44 1
10 45 1
10 46 1
10 47 1
10 48 1
10 49 1
10 50 1
10 51 1
10 52 1
10 53 1
10 54 1
10 55 1
10 56 1
11 12 2147483647
11 19 1
11 20 1
11 21 1
11 22 1
11 23 1
11 24 1
11 25 1
11 26 1
11 27 1
11 28 1
11 29 1
11 30 1
11 31 1
11 32 1
11 33 1
11 34 1
11 35 1
11 36 1
11 37 1
11 38 1
11 39 1
11 40 1
11 41 1
11 42 1
11 43 1
11 44 1
11 45 1
11 46 1
11 47 1
11 48 1
11 49 1
11 50 1
11 51 1
11 52 1
11 53 1
11 54 1
11 55 1
11 56 1
12 13 2147483647
12 19 1
12 20 1
12 21 1
12 22 1
12 23 1
12 24 1
12 25 1
12 26 1
12 27 1
12 28 1
12 29 1
12 30 1
12 31 1
12 32 1
12 33 1
12 34 1
12 35 1
12 36 1
12 37 1
12 38 1
12 39 1
12 40 1
12 41 1
12 42 1
12 43 1
12 44 1
12 45 1
12 46 1
12 47 1
12 48 1
12 49 1
12 50 1
12 51 1
12 52 1
12 53 1
12 54 1
12 55 1
12 56 1
13 14 2147483647
13 19 1
13 20 1
13 21 1
13 22 1
13 23 1
13 24 1
13 25 1
13 26 1
13 27 1
13 28 1
13 29 1
13 30 1
13 31 1
13 32 1
13 33 1
13 34 1
13 35 1
13 36 1
13 37 1
13 38 1
13 39 1
13 40 1
13 41 1
13 42 1
13 43 1
13 44 1
13 45 1
13 46 1
13 47 1
13 48 1
13 49 1
13 50 1
13 51 1
13 52 1
13 53 1
13 54 1
13 55 1
13 56 1
14 15 2147483647
14 19 1
14 20 1
14 21 1
14 22 1
14 23 1
14 24 1
14 25 1
14 26 1
14 27 1
14 28 1
14 29 1
14 30 1
14 31 1
14 32 1
14 33 1
14 34 1
14 35 1
14 36 1
14 37 1
14 38 1
14 39 1
14 40 1
14 41 1
14 42 1
14 43 1
14 44 1
14 45 1
14 46 1
14 47 1
14 48 1
14 49 1
14 50 1
14 51 1
14 52 1
14 53 1
14 54 1
14 55 1
14 56 1
15 16 2147483647
15 19 1
15 20 1
15 21 1
15 22 1
15 23 1
15 24 1
15 25 1
15 26 1
15 27 1
15 28 1
15 29 1
15 30 1
15 31 1
15 32 1
15 33 1
15 34 1
15 35 1
15 36 1
15 37 1
15 38 1
15 39 1
15 40 1
15 41 1
15 42 1
15 43 1
15 44 1
15 45 1
15 46 1
15 47 1
15 48 1
15 49 1
15 50 1
15 51 1
15 52 1
15 53 1
15 54 1
15 55 1
15 56 1
16 17 2147483647
16 19 1
16 20 1
16 21 1
16 22 1
16 23 1
16 24 1
16 25 1
16 26 1
16 27 1
16 28 1
16 29 1
16 30 1
16 31 1
16 32 1
16 33 1
16 34 1
16 35 1
16 36 1
16 37 1
16 38 1
16 39 1
16 40 1
16 41 1
16 42 1
16 43 1
16 44 1
16 45 1
16 46 1
16 47 1
16 48 1
16 49 1
16 50 1
16 51 1
16 52 1
16 53 1
16 54 1
16 55 1
16 56 1
17 18 2147483647
17 19 1
17 20 1
17 21 1
17 22 1
17 23 1
17 24 1
17 25 1
17 26 1
17 27 1
17 28 1
17 29 1
17 30 1
17 31 1
17 32 1
17 33 1
17 34 1
17 35 1
17 36 1
17 37 1
17 38 1
17 39 1
17 40 1
17 41 1
17 42 1
17 43 1
17 44 1
17 45 1
17 46 1
17 47 1
17 48 1
17 49 1
17 50 1
17 51 1
17 52 1
17 53 1
17 54 1
17 55 1
17 56 1
18 57 2147482926
18 19 1
18 20 1
18 21 1
18 22 1
18 23 1
18 24 1
18 25 1
18 26 1
18 27 1
18 28 1
18 29 1
18 30 1
18 31 1
18 32 1
18 33 1
18 34 1
18 35 1
18 36 1
18 37 1
18 38 1
18 39 1
18 40 1
18 41 1
18 42 1
18 43 1
18 44 1
18 45 1
18 46 1
18 47 1
18 48 1
18 49 1
18 50 1
18 51 1
18 52 1
18 53 1
18 54 1
18 55 1
18 56 1
19 57 1
19 58 1
19 59 1
19 60 1
19 61 1
19 62 1
19 63 1
19 64 1
19 65 1
19 66 1
19 67 1
19 68 1
19 69 1
19 70 1
19 71 1
19 72 1
19 73 1
19 74 1
19 75 1
20 57 1
20 58 1
20 59 1
20 60 1
20 61 1
20 62 1
20 63 1
20 64 1
20 65 1
20 66 1
20 67 1
20 68 1
20 69 1
20 70 1
20 71 1
20 72 1
20 73 1
20 74 1
20 75 1
21 57 1
21 58 1
21 59 1
21 60 1
21 61 1
21 62 1
21 63 1
21 64 1
21 65 1
21 66 1
21 67 1
21 68 1
21 69 1
21 70 1
21 71 1
21 72 1
21 73 1
21 74 1
21 75 1
22 57 1
22 58 1
22 59 1
22 60 1
22 61 1
22 62 1
22 63 1
22 64 1
22 65 1
22 66 1
22 67 1
22 68 1
22 69 1
22 70 1
22 71 1
22 72 1
22 73 1
22 74 1
22 75 1
23 57 1
23 58 1
23 59 1
23 60 1
23 61 1
23 62 1
23 63 1
23 64 1
23 65 1
23 66 1
23 67 1
23 68 1
23 69 1
23 70 1
23 71 1
23 72 1
23 73 1
23 74 1
23 75 1
24 57 1
24 58 1
24 59 1
24 60 1
24 61 1
24 62 1
24 63 1
24 64 1
24 65 1
24 66 1
24 67 1
24 68 1
24 69 1
24 70 1
24 71 1
24 72 1
24 73 1
24 74 1
24 75 1
25 57 1
25 58 1
25 59 1
25 60 1
25 61 1
25 62 1
25 63 1
25 64 1
25 65 1
25 66 1
25 67 1
25 68 1
25 69 1
25 70 1
25 71 1
25 72 1
25 73 1
25 74 1
25 75 1
26 57 1
26 58 1
26 59 1
26 60 1
26 61 1
26 62 1
26 63 1
26 64 1
26 65 1
26 66 1
26 67 1
26 68 1
26 69 1
26 70 1
26 71 1
26 72 1
26 73 1
26 74 1
26 75 1
27 57 1
27 58 1
27 59 1
27 60 1
27 61 1
27 62 1
27 63 1
27 64 1
27 65 1
27 66 1
27 67 1
27 68 1
27 69 1
27 70 1
27 71 1
27 72 1
27 73 1
27 74 1
27 75 1
28 57 1
28 58 1
28 59 1
28 60 1
28 61 1
28 62 1
28 63 1
28 64 1
28 65 1
28 66 1
28 67 1
28 68 1
28 69 1
28 70 1
28 71 1
28 72 1
28 73 1
28 74 1
28 75 1
29 57 1
29 58 1
29 59 1
29 60 1
29 61 1
29 62 1
29 63 1
29 64 1
29 65 1
29 66 1
29 67 1
29 68 1
29 69 1
29 70 1
29 71 1
29 72 1
29 73 1
29 74 1
29 75 1
30 57 1
30 58 1
30 59 1
30 60 1
30 61 1
30 62 1
30 63 1
30 64 1
30 65 1
30 66 1
30 67 1
30 68 1
30 69 1
30 70 1
30 71 1
30 72 1
30 73 1
30 74 1
30 75 1
31 57 1
31 58 1
31 59 1
31 60 1
31 61 1
31 62 1
31 63 1
31 64 1
31 65 1
31 66 1
31 67 1
31 68 1
31 69 1
31 70 1
31 71 1
31 72 1
31 73 1
31 74 1
31 75 1
32 57 1
32 58 1
32 59 1
32 60 1
32 61 1
32 62 1
32 63 1
32 64 1
32 65 1
32 66 1
32 67 1
32 68 1
32 69 1
32 70 1
32 71 1
32 72 1
32 73 1
32 74 1
32 75 1
33 57 1
33 58 1
33 59 1
33 60 1
33 61 1
33 62 1
33 63 1
33 64 1
33 65 1
33 66 1
33 67 1
33 68 1
33 69 1
33 70 1
33 71 1
33 72 1
33 73 1
33 74 1
33 75 1
34 57 1
34 58 1
34 59 1
34 60 1
34 61 1
34 62 1
34 63 1
34 64 1
34 65 1
34 66 1
34 67 1
34 68 1
34 69 1
34 70 1
34 71 1
34 72 1
34 73 1
34 74 1
34 75 1
35 57 1
35 58 1
35 59 1
35 60 1
35 61 1
35 62 1
35 63 1
35 64 1
35 65 1
35 66 1
35 67 1
35 68 1
35 69 1
35 70 1
35 71 1
35 72 1
35 73 1
35 74 1
35 75 1
36 57 1
36 58 1
36 59 1
36 60 1
36 61 1
36 62 1
36 63 1
36 64 1
36 65 1
36 66 1
36 67 1
36 68 1
36 69 1
36 70 1
36 71 1
36 72 1
36 73 1
36 74 1
36 75 1
37 57 1
37 58 1
37 59 1
37 60 1
37 61 1
37 62 1
37 63 1
37 64 1
37 65 1
37 66 1
37 67 1
37 68 1
37 69 1
37 70 1
37 71 1
37 72 1
37 73 1
37 74 1
37 75 1
38 57 1
38 58 1
38 59 1
38 60 1
38 61 1
38 62 1
38 63 1
38 64 1
38 65 1
38 66 1
38 67 1
38 68 1
38 69 1
38 70 1
38 71 1
38 72 1
38 73 1
38 74 1
38 75 1
39 57 1
39 58 1
39 59 1
39 60 1
39 61 1
39 62 1
39 63 1
39 64 1
39 65 1
39 66 1
39 67 1
39 68 1
39 69 1
39 70 1
39 71 1
39 72 1
39 73 1
39 74 1
39 75 1
40 57 1
40 58 1
40 59 1
40 60 1
40 61 1
40 62 1
40 63 1
40 64 1
40 65 1
40 66 1
40 67 1
40 68 1
40 69 1
40 70 1
40 71 1
40 72 1
40 73 1
40 74 1
40 75 1
41 57 1
41 58 1
41 59 1
41 60 1
41 61 1
41 62 1
41 63 1
41 64 1
41 65 1
41 66 1
41 67 1
41 68 1
41 69 1
41 70 1
41 71 1
41 72 1
41 73 1
41 74 1
41 75 1
42 57 1
42 58 1
42 59 1
42 60 1
42 61 1
42 62 1
42 63 1
42 64 1
42 65 1
42 66 1
42 67 1
42 68 1
42 69 1
42 70 1
42 71 1
42 72 1
42 73 1
42 74 1
42 75 1
43 57 1
43 58 1
43 59 1
43 60 1
43 61 1
43 62 1
43 63 1
43 64 1
43 65 1
43 66 1
43 67 1
43 68 1
43 69 1
43 70 1
43 71 1
43 72 1
43 73 1
43 74 1
43 75 1
44 57 1
44 58 1
44 59 1
44 60 1
44 61 1
44 62 1
44 63 1
44 64 1
44 65 1
44 66 1
44 67 1
44 68 1
44 69 1
44 70 1
44 71 1
44 72 1
44 73 1
44 74 1
44 75 1
45 57 1
45 58 1
45 59 1
45 60 1
45 61 1
45 62 1
45 63 1
45 64 1
45 65 1
45 66 1
45 67 1
45 68 1
45 69 1
45 70 1
45 71 1
45 72 1
45 73 1
45 74 1
45 75 1
46 57 1
46 58 1
46 59 1
46 60 1
46 61 1
46 62 1
46 63 1
46 64 1
46 65 1
46 66 1
46 67 1
46 68 1
46 69 1
46 70 1
46 71 1
46 72 1
46 73 1
46 74 1
46 75 1
47 57 1
47 58 1
47 59 1
47 60 1
47 61 1
47 62 1
47 63 1
47 64 1
47 65 1
47 66 1
47 67 1
47 68 1
47 69 1
47 70 1
47 71 1
47 72 1
47 73 1
47 74 1
47 75 1
48 57 1
48 58 1
48 59 1
48 60 1
48 61 1
48 62 1
48 63 1
48 64 1
48 65 1
48 66 1
48 67 1
48 68 1
48 69 1
48 70 1
48 71 1
48 72 1
48 73 1
48 74 1
48 75 1
49 57 1
49 58 1
49 59 1
49 60 1
49 61 1
49 62 1
49 63 1
49 64 1
49 65 1
49 66 1
49 67 1
49 68 1
49 69 1
49 70 1
49 71 1
49 72 1
49 73 1
49 74 1
49 75 1
50 57 1
50 58 1
50 59 1
50 60 1
50 61 1
50 62 1
50 63 1
50 64 1
50 65 1
50 66 1
50 67 1
50 68 1
50 69 1
50 70 1
50 71 1
50 72 1
50 73 1
50 74 1
50 75 1
51 57 1
51 58 1
51 59 1
51 60 1
51 61 1
51 62 1
51 63 1
51 64 1
51 65 1
51 66 1
51 67 1
51 68 1
51 69 1
51 70 1
51 71 1
51 72 1
51 73 1
51 74 1
51 75 1
52 57 1
52 58 1
52 59 1
52 60 1
52 61 1
52 62 1
52 63 1
52 64 1
52 65 1
52 66 1
52 67 1
52 68 1
52 69 1
52 70 1
52 71 1
52 72 1
52 73 1
52 74 1
52 75 1
53 57 1
53 58 1
53 59 1
53 60 1
53 61 1
53 62 1
53 63 1
53 64 1
53 65 1
53 66 1
53 67 1
53 68 1
53 69 1
53 70 1
53 71 1
53 72 1
53 73 1
53 74 1
53 75 1
54 57 1
54 58 1
54 59 1
54 60 1
54 61 1
54 62 1
54 63 1
54 64 1
54 65 1
54 66 1
54 67 1
54 68 1
54 69 1
54 70 1
54 71 1
54 72 1
54 73 1
54 74 1
54 75 1
55 57 1
55 58 1
55 59 1
55 60 1
55 61 1
55 62 1
55 63 1
55 64 1
55 65 1
55 66 1
55 67 1
55 68 1
55 69 1
55 70 1
55 71 1
55 72 1
55 73 1
55 74 1
55 75 1
56 57 1
56 58 1
56 59 1
56 60 1
56 61 1
56 62 1
56 63 1
56 64 1
56 65 1
56 66 1
56 67 1
56 68 1
56 69 1
56 70 1
56 71 1
56 72 1
56 73 1
56 74 1
56 75 1
57 58 2147483647
58 59 2147483647
59 60 2147483647
60 61 2147483647
61 62 2147483647
62 63 2147483647
63 64 2147483647
64 65 2147483647
65 66 2147483647
66 67 2147483647
67 68 2147483647
68 69 2147483647
69 70 2147483647
70 71 2147483647
71 72 2147483647
72 73 2147483647
73 74 2147483647
74 75 2147483647
