1 2
500 1 1000
2147483647
0 1 2147483647
0 2 2147483647
0 3 2147483647
0 4 2147483647
0 5 2147483647
0 6 2147483647
0 7 2147483647
0 8 2147483647
0 9 2147483647
0 10 2147483647
0 11 2147483647
0 12 2147483647
0 13 2147483647
0 14 2147483647
0 15 2147483647
0 16 2147483647
0 17 2147483647
0 18 2147483647
0 19 2147483647
0 20 2147483647
0 21 2147483647
0 22 2147483647
0 23 2147483647
0 24 2147483647
0 25 2147483647
0 26 2147483647
0 27 2147483647
0 28 2147483647
0 29 2147483647
0 30 2147483647
0 31 2147483647
0 32 2147483647
0 33 2147483647
0 34 2147483647
0 35 2147483647
0 36 2147483647
0 37 2147483647
0 38 2147483647
0 39 2147483647
0 40 2147483647
0 41 2147483647
0 42 2147483647
0 43 2147483647
0 44 2147483647
0 45 2147483647
0 46 2147483647
0 47 2147483647
0 48 2147483647
0 49 2147483647
0 50 2147483647
0 51 2147483647
0 52 2147483647
0 53 2147483647
0 54 2147483647
0 55 2147483647
0 56 2147483647
0 57 2147483647
0 58 2147483647
0 59 2147483647
0 60 2147483647
0 61 2147483647
0 62 2147483647
0 63 2147483647
0 64 2147483647
0 65 2147483647
0 66 2147483647
0 67 2147483647
0 68 2147483647
0 69 2147483647
0 70 2147483647
0 71 2147483647
0 72 2147483647
0 73 2147483647
0 74 2147483647
0 75 2147483647
0 76 2147483647
0 77 2147483647
0 78 2147483647
0 79 2147483647
0 80 2147483647
0 81 2147483647
0 82 2147483647
0 83 2147483647
0 84 2147483647
0 85 2147483647
0 86 2147483647
0 87 2147483647
0 88 2147483647
0 89 2147483647
0 90 2147483647
0 91 2147483647
0 92 2147483647
0 93 2147483647
0 94 2147483647
0 95 2147483647
0 96 2147483647
0 97 2147483647
0 98 2147483647
0 99 2147483647
0 100 2147483647
0 101 2147483647
0 102 2147483647
0 103 2147483647
0 104 2147483647
0 105 2147483647
0 106 2147483647
0 107 2147483647
0 108 2147483647
0 109 2147483647
0 110 2147483647
0 111 2147483647
0 112 2147483647
0 113 2147483647
0 114 2147483647
0 115 2147483647
0 116 2147483647
0 117 2147483647
0 118 2147483647
0 119 2147483647
0 120 2147483647
0 121 2147483647
0 122 2147483647
0 123 2147483647
0 124 2147483647
0 125 2147483647
0 126 2147483647
0 127 2147483647
0 128 2147483647
0 129 2147483647
0 130 2147483647
0 131 2147483647
0 132 2147483647
0 133 2147483647
0 134 2147483647
0 135 2147483647
0 136 2147483647
0 137 2147483647
0 138 2147483647
0 139 2147483647
0 140 2147483647
0 141 2147483647
0 142 2147483647
0 143 2147483647
0 144 2147483647
0 145 2147483647
0 146 2147483647
0 147 2147483647
0 148 2147483647
0 149 2147483647
0 150 2147483647
0 151 2147483647
0 152 2147483647
0 153 2147483647
0 154 2147483647
0 155 2147483647
0 156 2147483647
0 157 2147483647
0 158 2147483647
0 159 2147483647
0 160 2147483647
0 161 2147483647
0 162 2147483647
0 163 2147483647
0 164 2147483647
0 165 2147483647
0 166 2147483647
0 167 2147483647
0 168 2147483647
0 169 2147483647
0 170 2147483647
0 171 2147483647
0 172 2147483647
0 173 2147483647
0 174 2147483647
0 175 2147483647
0 176 2147483647
0 177 2147483647
0 178 2147483647
0 179 2147483647
0 180 2147483647
0 181 2147483647
0 182 2147483647
0 183 2147483647
0 184 2147483647
0 185 2147483647
0 186 2147483647
0 187 2147483647
0 188 2147483647
0 189 2147483647
0 190 2147483647
0 191 2147483647
0 192 2147483647
0 193 2147483647
0 194 2147483647
0 195 2147483647
0 196 2147483647
0 197 2147483647
0 198 2147483647
0 199 2147483647
0 200 2147483647
0 201 2147483647
0 202 2147483647
0 203 2147483647
0 204 2147483647
0 205 2147483647
0 206 2147483647
0 207 2147483647
0 208 2147483647
0 209 2147483647
0 210 2147483647
0 211 2147483647
0 212 2147483647
0 213 2147483647
0 214 2147483647
0 215 2147483647
0 216 2147483647
0 217 2147483647
0 218 2147483647
0 219 2147483647
0 220 2147483647
0 221 2147483647
0 222 2147483647
0 223 2147483647
0 224 2147483647
0 225 2147483647
0 226 2147483647
0 227 2147483647
0 228 2147483647
0 229 2147483647
0 230 2147483647
0 231 2147483647
0 232 2147483647
0 233 2147483647
0 234 2147483647
0 235 2147483647
0 236 2147483647
0 237 2147483647
0 238 2147483647
0 239 2147483647
0 240 2147483647
0 241 2147483647
0 242 2147483647
0 243 2147483647
0 244 2147483647
0 245 2147483647
0 246 2147483647
0 247 2147483647
0 248 2147483647
0 249 2147483647
0 250 2147483647
0 251 2147483647
0 252 2147483647
0 253 2147483647
0 254 2147483647
0 255 2147483647
0 256 2147483647
0 257 2147483647
0 258 2147483647
0 259 2147483647
0 260 2147483647
0 261 2147483647
0 262 2147483647
0 263 2147483647
0 264 2147483647
0 265 2147483647
0 266 2147483647
0 267 2147483647
0 268 2147483647
0 269 2147483647
0 270 2147483647
0 271 2147483647
0 272 2147483647
0 273 2147483647
0 274 2147483647
0 275 2147483647
0 276 2147483647
0 277 2147483647
0 278 2147483647
0 279 2147483647
0 280 2147483647
0 281 2147483647
0 282 2147483647
0 283 2147483647
0 284 2147483647
0 285 2147483647
0 286 2147483647
0 287 2147483647
0 288 2147483647
0 289 2147483647
0 290 2147483647
0 291 2147483647
0 292 2147483647
0 293 2147483647
0 294 2147483647
0 295 2147483647
0 296 2147483647
0 297 2147483647
0 298 2147483647
0 299 2147483647
0 300 2147483647
0 301 2147483647
0 302 2147483647
0 303 2147483647
0 304 2147483647
0 305 2147483647
0 306 2147483647
0 307 2147483647
0 308 2147483647
0 309 2147483647
0 310 2147483647
0 311 2147483647
0 312 2147483647
0 313 2147483647
0 314 2147483647
0 315 2147483647
0 316 2147483647
0 317 2147483647
0 318 2147483647
0 319 2147483647
0 320 2147483647
0 321 2147483647
0 322 2147483647
0 323 2147483647
0 324 2147483647
0 325 2147483647
0 326 2147483647
0 327 2147483647
0 328 2147483647
0 329 2147483647
0 330 2147483647
0 331 2147483647
0 332 2147483647
0 333 2147483647
0 334 2147483647
0 335 2147483647
0 336 2147483647
0 337 2147483647
0 338 2147483647
0 339 2147483647
0 340 2147483647
0 341 2147483647
0 342 2147483647
0 343 2147483647
0 344 2147483647
0 345 2147483647
0 346 2147483647
0 347 2147483647
0 348 2147483647
0 349 2147483647
0 350 2147483647
0 351 2147483647
0 352 2147483647
0 353 2147483647
0 354 2147483647
0 355 2147483647
0 356 2147483647
0 357 2147483647
0 358 2147483647
0 359 2147483647
0 360 2147483647
0 361 2147483647
0 362 2147483647
0 363 2147483647
0 364 2147483647
0 365 2147483647
0 366 2147483647
0 367 2147483647
0 368 2147483647
0 369 2147483647
0 370 2147483647
0 371 2147483647
0 372 2147483647
0 373 2147483647
0 374 2147483647
0 375 2147483647
0 376 2147483647
0 377 2147483647
0 378 2147483647
0 379 2147483647
0 380 2147483647
0 381 2147483647
0 382 2147483647
0 383 2147483647
0 384 2147483647
0 385 2147483647
0 386 2147483647
0 387 2147483647
0 388 2147483647
0 389 2147483647
0 390 2147483647
0 391 2147483647
0 392 2147483647
0 393 2147483647
0 394 2147483647
0 395 2147483647
0 396 2147483647
0 397 2147483647
0 398 2147483647
0 399 2147483647
0 400 2147483647
0 401 2147483647
0 402 2147483647
0 403 2147483647
0 404 2147483647
0 405 2147483647
0 406 2147483647
0 407 2147483647
0 408 2147483647
0 409 2147483647
0 410 2147483647
0 411 2147483647
0 412 2147483647
0 413 2147483647
0 414 2147483647
0 415 2147483647
0 416 2147483647
0 417 2147483647
0 418 2147483647
0 419 2147483647
0 420 2147483647
0 421 2147483647
0 422 2147483647
0 423 2147483647
0 424 2147483647
0 425 2147483647
0 426 2147483647
0 427 2147483647
0 428 2147483647
0 429 2147483647
0 430 2147483647
0 431 2147483647
0 432 2147483647
0 433 2147483647
0 434 2147483647
0 435 2147483647
0 436 2147483647
0 437 2147483647
0 438 2147483647
0 439 2147483647
0 440 2147483647
0 441 2147483647
0 442 2147483647
0 443 2147483647
0 444 2147483647
0 445 2147483647
0 446 2147483647
0 447 2147483647
0 448 2147483647
0 449 2147483647
0 450 2147483647
0 451 2147483647
0 452 2147483647
0 453 2147483647
0 454 2147483647
0 455 2147483647
0 456 2147483647
0 457 2147483647
0 458 2147483647
0 459 2147483647
0 460 2147483647
0 461 2147483647
0 462 2147483647
0 463 2147483647
0 464 2147483647
0 465 2147483647
0 466 2147483647
0 467 2147483647
0 468 2147483647
0 469 2147483647
0 470 2147483647
0 471 2147483647
0 472 2147483647
0 473 2147483647
0 474 2147483647
0 475 2147483647
0 476 2147483647
0 477 2147483647
0 478 2147483647
0 479 2147483647
0 480 2147483647
0 481 2147483647
0 482 2147483647
0 483 2147483647
0 484 2147483647
0 485 2147483647
0 486 2147483647
0 487 2147483647
0 488 2147483647
0 489 2147483647
0 490 2147483647
0 491 2147483647
0 492 2147483647
0 493 2147483647
0 494 2147483647
0 495 2147483647
0 496 2147483647
0 497 2147483647
0 498 2147483647
0 499 2147483647
0 500 2147483647
1 501 2147483647
2 501 2147483647
3 501 2147483647
4 501 2147483647
5 501 2147483647
6 501 2147483647
7 501 2147483647
8 501 2147483647
9 501 2147483647
10 501 2147483647
11 501 2147483647
12 501 2147483647
13 501 2147483647
14 501 2147483647
15 501 2147483647
16 501 2147483647
17 501 2147483647
18 501 2147483647
19 501 2147483647
20 501 2147483647
21 501 2147483647
22 501 2147483647
23 501 2147483647
24 501 2147483647
25 501 2147483647
26 501 2147483647
27 501 2147483647
28 501 2147483647
29 501 2147483647
30 501 2147483647
31 501 2147483647
32 501 2147483647
33 501 2147483647
34 501 2147483647
35 501 2147483647
36 501 2147483647
37 501 2147483647
38 501 2147483647
39 501 2147483647
40 501 2147483647
41 501 2147483647
42 501 2147483647
43 501 2147483647
44 501 2147483647
45 501 2147483647
46 501 2147483647
47 501 2147483647
48 501 2147483647
49 501 2147483647
50 501 2147483647
51 501 2147483647
52 501 2147483647
53 501 2147483647
54 501 2147483647
55 501 2147483647
56 501 2147483647
57 501 2147483647
58 501 2147483647
59 501 2147483647
60 501 2147483647
61 501 2147483647
62 501 2147483647
63 501 2147483647
64 501 2147483647
65 501 2147483647
66 501 2147483647
67 501 2147483647
68 501 2147483647
69 501 2147483647
70 501 2147483647
71 501 2147483647
72 501 2147483647
73 501 2147483647
74 501 2147483647
75 501 2147483647
76 501 2147483647
77 501 2147483647
78 501 2147483647
79 501 2147483647
80 501 2147483647
81 501 2147483647
82 501 2147483647
83 501 2147483647
84 501 2147483647
85 501 2147483647
86 501 2147483647
87 501 2147483647
88 501 2147483647
89 501 2147483647
90 501 2147483647
91 501 2147483647
92 501 2147483647
93 501 2147483647
94 501 2147483647
95 501 2147483647
96 501 2147483647
97 501 2147483647
98 501 2147483647
99 501 2147483647
100 501 2147483647
101 501 2147483647
102 501 2147483647
103 501 2147483647
104 501 2147483647
105 501 2147483647
106 501 2147483647
107 501 2147483647
108 501 2147483647
109 501 2147483647
110 501 2147483647
111 501 2147483647
112 501 2147483647
113 501 2147483647
114 501 2147483647
115 501 2147483647
116 501 2147483647
117 501 2147483647
118 501 2147483647
119 501 2147483647
120 501 2147483647
121 501 2147483647
122 501 2147483647
123 501 2147483647
124 501 2147483647
125 501 2147483647
126 501 2147483647
127 501 2147483647
128 501 2147483647
129 501 2147483647
130 501 2147483647
131 501 2147483647
132 501 2147483647
133 501 2147483647
134 501 2147483647
135 501 2147483647
136 501 2147483647
137 501 2147483647
138 501 2147483647
139 501 2147483647
140 501 2147483647
141 501 2147483647
142 501 2147483647
143 501 2147483647
144 501 2147483647
145 501 2147483647
146 501 2147483647
147 501 2147483647
148 501 2147483647
149 501 2147483647
150 501 2147483647
151 501 2147483647
152 501 2147483647
153 501 2147483647
154 501 2147483647
155 501 2147483647
156 501 2147483647
157 501 2147483647
158 501 2147483647
159 501 2147483647
160 501 2147483647
161 501 2147483647
162 501 2147483647
163 501 2147483647
164 501 2147483647
165 501 2147483647
166 501 2147483647
167 501 2147483647
168 501 2147483647
169 501 2147483647
170 501 2147483647
171 501 2147483647
172 501 2147483647
173 501 2147483647
174 501 2147483647
175 501 2147483647
176 501 2147483647
177 501 2147483647
178 501 2147483647
179 501 2147483647
180 501 2147483647
181 501 2147483647
182 501 2147483647
183 501 2147483647
184 501 2147483647
185 501 2147483647
186 501 2147483647
187 501 2147483647
188 501 2147483647
189 501 2147483647
190 501 2147483647
191 501 2147483647
192 501 2147483647
193 501 2147483647
194 501 2147483647
195 501 2147483647
196 501 2147483647
197 501 2147483647
198 501 2147483647
199 501 2147483647
200 501 2147483647
201 501 2147483647
202 501 2147483647
203 501 2147483647
204 501 2147483647
205 501 2147483647
206 501 2147483647
207 501 2147483647
208 501 2147483647
209 501 2147483647
210 501 2147483647
211 501 2147483647
212 501 2147483647
213 501 2147483647
214 501 2147483647
215 501 2147483647
216 501 2147483647
217 501 2147483647
218 501 2147483647
219 501 2147483647
220 501 2147483647
221 501 2147483647
222 501 2147483647
223 501 2147483647
224 501 2147483647
225 501 2147483647
226 501 2147483647
227 501 2147483647
228 501 2147483647
229 501 2147483647
230 501 2147483647
231 501 2147483647
232 501 2147483647
233 501 2147483647
234 501 2147483647
235 501 2147483647
236 501 2147483647
237 501 2147483647
238 501 2147483647
239 501 2147483647
240 501 2147483647
241 501 2147483647
242 501 2147483647
243 501 2147483647
244 501 2147483647
245 501 2147483647
246 501 2147483647
247 501 2147483647
248 501 2147483647
249 501 2147483647
250 501 2147483647
251 501 2147483647
252 501 2147483647
253 501 2147483647
254 501 2147483647
255 501 2147483647
256 501 2147483647
257 501 2147483647
258 501 2147483647
259 501 2147483647
260 501 2147483647
261 501 2147483647
262 501 2147483647
263 501 2147483647
264 501 2147483647
265 501 2147483647
266 501 2147483647
267 501 2147483647
268 501 2147483647
269 501 2147483647
270 501 2147483647
271 501 2147483647
272 501 2147483647
273 501 2147483647
274 501 2147483647
275 501 2147483647
276 501 2147483647
277 501 2147483647
278 501 2147483647
279 501 2147483647
280 501 2147483647
281 501 2147483647
282 501 2147483647
283 501 2147483647
284 501 2147483647
285 501 2147483647
286 501 2147483647
287 501 2147483647
288 501 2147483647
289 501 2147483647
290 501 2147483647
291 501 2147483647
292 501 2147483647
293 501 2147483647
294 501 2147483647
295 501 2147483647
296 501 2147483647
297 501 2147483647
298 501 2147483647
299 501 2147483647
300 501 2147483647
301 501 2147483647
302 501 2147483647
303 501 2147483647
304 501 2147483647
305 501 2147483647
306 501 2147483647
307 501 2147483647
308 501 2147483647
309 501 2147483647
310 501 2147483647
311 501 2147483647
312 501 2147483647
313 501 2147483647
314 501 2147483647
315 501 2147483647
316 501 2147483647
317 501 2147483647
318 501 2147483647
319 501 2147483647
320 501 2147483647
321 501 2147483647
322 501 2147483647
323 501 2147483647
324 501 2147483647
325 501 2147483647
326 501 2147483647
327 501 2147483647
328 501 2147483647
329 501 2147483647
330 501 2147483647
331 501 2147483647
332 501 2147483647
333 501 2147483647
334 501 2147483647
335 501 2147483647
336 501 2147483647
337 501 2147483647
338 501 2147483647
339 501 2147483647
340 501 2147483647
341 501 2147483647
342 501 2147483647
343 501 2147483647
344 501 2147483647
345 501 2147483647
346 501 2147483647
347 501 2147483647
348 501 2147483647
349 501 2147483647
350 501 2147483647
351 501 2147483647
352 501 2147483647
353 501 2147483647
354 501 2147483647
355 501 2147483647
356 501 2147483647
357 501 2147483647
358 501 2147483647
359 501 2147483647
360 501 2147483647
361 501 2147483647
362 501 2147483647
363 501 2147483647
364 501 2147483647
365 501 2147483647
366 501 2147483647
367 501 2147483647
368 501 2147483647
369 501 2147483647
370 501 2147483647
371 501 2147483647
372 501 2147483647
373 501 2147483647
374 501 2147483647
375 501 2147483647
376 501 2147483647
377 501 2147483647
378 501 2147483647
379 501 2147483647
380 501 2147483647
381 501 2147483647
382 501 2147483647
383 501 2147483647
384 501 2147483647
385 501 2147483647
386 501 2147483647
387 501 2147483647
388 501 2147483647
389 501 2147483647
390 501 2147483647
391 501 2147483647
392 501 2147483647
393 501 2147483647
394 501 2147483647
395 501 2147483647
396 501 2147483647
397 501 2147483647
398 501 2147483647
399 501 2147483647
400 501 2147483647
401 501 2147483647
402 501 2147483647
403 501 2147483647
404 501 2147483647
405 501 2147483647
406 501 2147483647
407 501 2147483647
408 501 2147483647
409 501 2147483647
410 501 2147483647
411 501 2147483647
412 501 2147483647
413 501 2147483647
414 501 2147483647
415 501 2147483647
416 501 2147483647
417 501 2147483647
418 501 2147483647
419 501 2147483647
420 501 2147483647
421 501 2147483647
422 501 2147483647
423 501 2147483647
424 501 2147483647
425 501 2147483647
426 501 2147483647
427 501 2147483647
428 501 2147483647
429 501 2147483647
430 501 2147483647
431 501 2147483647
432 501 2147483647
433 501 2147483647
434 501 2147483647
435 501 2147483647
436 501 2147483647
437 501 2147483647
438 501 2147483647
439 501 2147483647
440 501 2147483647
441 501 2147483647
442 501 2147483647
443 501 2147483647
444 501 2147483647
445 501 2147483647
446 501 2147483647
447 501 2147483647
448 501 2147483647
449 501 2147483647
450 501 2147483647
451 501 2147483647
452 501 2147483647
453 501 2147483647
454 501 2147483647
455 501 2147483647
456 501 2147483647
457 501 2147483647
458 501 2147483647
459 501 2147483647
460 501 2147483647
461 501 2147483647
462 501 2147483647
463 501 2147483647
464 501 2147483647
465 501 2147483647
466 501 2147483647
467 501 2147483647
468 501 2147483647
469 501 2147483647
470 501 2147483647
471 501 2147483647
472 501 2147483647
473 501 2147483647
474 501 2147483647
475 501 2147483647
476 501 2147483647
477 501 2147483647
478 501 2147483647
479 501 2147483647
480 501 2147483647
481 501 2147483647
482 501 2147483647
483 501 2147483647
484 501 2147483647
485 501 2147483647
486 501 2147483647
487 501 2147483647
488 501 2147483647
489 501 2147483647
490 501 2147483647
491 501 2147483647
492 501 2147483647
493 501 2147483647
494 501 2147483647
495 501 2147483647
496 501 2147483647
497 501 2147483647
498 501 2147483647
499 501 2147483647
500 501 2147483647
