37
646
-388 -351
-807 -366 -10
-18 -373 -835 204
785 -361 -971 -453 131
717 420 -659 -116 -712 -799
-565 769 108 -454 968 -842 286
-23 -362 -725 -493 -660 920 -230 334
441 -851 -979 -86 661 -225 -152 921 971
541 -107 39 -904 -186 -150 404 730 -395 89
-763 729 -687 -33 511 599 -569 823 -619 10 -103
-845 143 -452 -222 -258 173 -485 -370 929 -315 250 119
-865 -41 -803 -263 233 358 198 -879 125 470 511 -79 -543
-910 293 443 685 -470 175 -289 443 130 602 -741 -818 -374 594
-907 -193 -519 -624 -234 382 -176 254 -397 -310 -311 739 55 375 -39
761 369 -926 403 97 -456 -35 -486 -614 -686 257 -997 509 -153 528 -427
-849 427 -354 -101 -827 644 -778 -624 -964 597 428 81 600 711 -874 501 -662
-684 -701 -47 610 252 112 -422 -647 769 189 -306 -64 -760 624 574 619 -128 706
847 851 -838 599 -195 -312 364 -676 58 495 759 -785 704 -473 -362 191 -404 425 34
-974 583 478 -698 -8 -427 -399 -492 947 506 158 206 -841 -944 42 415 -927 582 -563 -56
-791 -568 -235 138 -573 -65 -512 -516 -61 -827 -135 -592 -473 227 944 -72 665 -717 -592 -373 260
-610 -917 101 -501 -402 -166 706 104 -644 -688 205 494 -994 523 14 710 -941 -17 -761 754 798 -250
-173 185 -434 208 955 644 -671 -165 -708 -785 921 359 192 446 655 398 -360 -944 543 -238 97 -322 188
578 289 578 -39 -728 279 483 -445 -157 -576 870 315 -873 306 515 376 -385 -823 120 279 -807 25 778 -646
-568 -711 103 -586 216 965 583 909 -102 768 -265 -595 -116 -798 -539 -155 -712 220 996 -440 133 -393 -143 220 -706
-706 -113 -288 -211 -656 795 -919 81 226 729 -907 854 -468 -36 -140 -112 -362 -3 -903 -773 -723 -476 59 513 -666 -66
495 527 919 759 325 -583 828 648 -834 -106 738 625 -642 225 -751 -190 -684 187 -294 975 -154 237 -668 737 -242 457 -281
616 -435 471 218 110 -282 -519 970 -79 -610 525 212 587 49 -695 186 684 -526 -799 -635 -833 -331 174 858 -811 -271 659 833
787 765 958 130 96 312 -475 208 -349 349 275 524 948 -682 773 785 249 357 941 620 55 377 -555 583 350 242 402 672 954
814 423 234 826 939 698 243 646 598 -328 396 -189 -483 -582 -47 712 797 420 -530 -128 -899 -797 907 756 -229 487 -169 -677 544 -931
239 401 433 631 37 147 615 -17 -623 -885 449 844 -600 895 -75 871 53 541 947 -461 -777 -117 -604 222 -478 -193 298 493 262 -48 1000
-651 853 924 -582 -432 952 -619 -628 -339 -875 -649 213 -336 630 716 -147 -616 745 -449 -444 -884 -262 -769 -533 776 -191 988 678 982 68 -828 -205
-950 660 443 -367 -825 -786 -442 269 873 885 242 -659 -588 435 352 -876 414 479 -51 155 -297 349 347 -469 97 -274 606 623 -601 448 124 991 -701
-743 -228 310 281 529 -233 654 356 276 408 958 -994 207 -16 -488 -855 -964 -732 -526 -695 -336 787 171 -952 -405 875 678 310 -816 784 795 616 858 -286
-706 510 -164 62 -709 -98 287 -524 577 740 -971 -524 969 780 -622 805 -749 809 192 -214 412 209 368 706 694 -427 3 -739 998 -729 328 -34 -81 924 556
28 -686 -232 -496 615 -657 -441 -627 -239 -368 -696 -962 -856 768 -755 -540 656 -345 -419 -650 -729 699 -692 -567 -73 -993 441 714 139 685 275 -505 -262 919 58 -747
419 -999 929 -427 393 -36 -496 -399 436 64 -624 638 -314 704 -283 -913 652 500 -116 -32 -473 177 207 234 -213 -652 -167 682 311 358 -150 243 -651 931 -405 -441 -53
