62
986
-464 390
560 766 749
-454 -868 255 -114
-526 -706 490 -327 885
679 617 -388 83 751 199
181 -556 121 -553 -248 -287 -626
-738 -680 -447 -681 139 -626 -536 98
-920 779 897 349 -694 -852 -752 906 807
-539 64 -815 312 -232 871 434 -816 840 -303
-11 409 -918 -627 267 199 -824 634 -287 316 713
562 -329 -278 -334 -933 -436 -927 915 -165 24 -465 -274
260 -419 684 -686 -38 99 -406 -915 -310 -638 -444 347 -408
-112 799 -211 777 581 672 -213 -232 -103 161 167 -854 -463 73
-352 459 244 -98 -623 -551 -113 448 -785 -227 754 500 967 -195 304
-857 908 -506 251 238 274 176 249 794 -116 -176 -666 -710 951 681 832
246 123 -911 -788 961 506 -959 829 -995 -550 -362 162 333 149 -992 -756 -335
-222 -29 299 -142 265 -990 793 -370 -142 -249 -4 -752 246 -998 971 2 -702 476
-521 -782 -271 -858 -7 426 -309 -205 -418 -54 734 -760 417 -261 -942 82 -322 -431 667
764 -103 -748 590 400 -268 428 714 886 944 215 -663 -1 454 -800 865 -368 -34 -218 -662
801 736 948 -798 445 73 7 173 962 698 -145 -93 914 -483 -275 -819 520 493 114 -371 -318
-834 609 -440 -337 22 134 -620 -45 -836 -925 -962 -323 -146 -597 -424 -485 -458 963 339 778 -402 211
-337 -796 418 -193 753 -165 -697 -506 963 978 20 -524 929 -404 365 425 316 337 863 926 447 284 -988
-185 -424 -401 -957 692 -872 352 844 -854 283 112 509 -981 15 -65 426 -135 346 -670 -176 -316 586 609 -72
-901 -27 -956 550 618 598 804 -837 868 -40 -517 -211 -806 -943 824 546 241 -130 -667 -457 -952 969 96 492 601
623 359 744 281 13 602 132 -289 -44 -779 957 270 -758 787 -500 -400 775 -854 -605 126 -96 27 -911 -492 76 99
-308 -930 324 827 -747 61 -891 776 -619 -479 17 423 193 -386 -481 -372 205 -315 -4 560 155 -425 574 -136 196 -57 -78
-128 -960 259 226 -545 38 79 137 -965 190 944 682 -535 713 405 679 -45 -590 828 -412 -862 269 84 -679 -210 875 -492 71
-345 -716 -414 616 131 -738 -983 74 919 966 -833 695 801 452 -736 896 86 925 -738 841 -176 76 590 355 883 9 149 -822 -510
262 383 598 600 303 -943 -843 -530 591 71 691 27 -444 848 -981 -332 865 -148 87 -542 -411 569 790 -383 -884 299 -681 193 340 -890
-642 -721 322 -305 -512 -614 7 -359 -328 682 932 -210 -897 -207 783 257 -382 412 -242 865 -737 -240 994 -630 697 -217 -461 -610 -809 60 397
484 -572 -94 -710 83 344 293 329 -328 -475 -7 745 -887 996 624 837 -813 -172 400 806 -86 -795 905 583 -722 -670 889 -355 -790 922 -810 -911
-518 -924 755 543 7 -106 651 830 155 294 -900 -788 -831 552 710 145 -875 849 764 141 -163 600 717 -47 -721 -660 -209 -311 -818 107 849 -77 -360
117 -519 783 967 -374 -450 -873 -775 440 -138 826 -280 983 -129 340 620 -56 -470 -312 -989 -216 -540 -531 886 248 -503 -173 -307 2 999 -219 -800 -394 -69
452 -259 -543 -967 755 351 -523 384 775 -32 -541 -643 -143 -589 -207 493 -389 811 -471 -687 447 459 -934 401 -476 437 -65 6 -100 -498 39 282 186 306 -143
-141 -26 637 254 -186 518 168 -631 615 632 -869 197 -833 103 -658 -948 522 -580 -411 546 -236 65 -700 -552 -209 655 -767 -132 872 -633 926 -137 -853 -871 753 675
-123 545 399 -323 140 -540 531 601 -334 511 -778 924 -461 -968 -619 -733 -597 491 904 318 -702 -491 804 229 -977 -63 -523 948 -785 -591 478 827 678 499 -900 672 20
938 -449 548 937 -949 132 -539 834 33 -125 -429 -659 371 -872 301 241 325 989 -671 -119 915 515 -52 -85 776 662 731 -98 619 574 968 -262 -993 -590 -18 224 -524 952
575 701 -132 -468 -727 -843 -940 511 -158 -171 816 838 -319 -925 80 -959 -811 -491 342 161 482 -135 -358 513 271 -236 -146 466 -424 336 914 -227 -18 264 681 -291 -825 621 551
974 -244 385 940 969 625 -788 419 755 -901 -208 851 432 117 -467 -102 -446 995 976 718 -110 -92 450 948 448 649 340 82 403 -645 549 929 462 37 481 -45 894 484 922 -127
-138 577 946 873 784 -265 647 -30 -576 -62 899 -680 500 -33 -730 981 98 901 -154 -851 -543 181 399 -377 801 33 -668 -327 514 -879 220 488 -722 -351 393 -430 611 -145 933 940 -716
610 -892 883 426 976 757 -170 332 -633 190 -849 19 -977 177 -321 -939 -898 897 264 234 -98 565 -653 935 -853 949 174 -415 -985 -74 -627 232 -762 -722 -806 604 -330 679 989 353 109 -838
-198 -353 263 29 573 591 690 288 547 -512 476 -761 -852 -595 606 596 252 -67 -318 508 351 458 -285 326 512 -159 -793 357 -989 537 -516 764 632 -193 682 -571 357 -857 -880 -252 -80 118 -303
-101 -365 587 -535 -1000 868 449 -849 114 -804 -52 -946 -779 796 -68 -219 709 218 825 87 100 497 15 923 -632 430 317 240 474 355 -698 -787 -147 67 27 -469 997 588 -447 -408 684 288 -294 -539
108 -971 -144 584 487 288 201 -112 -602 218 459 -864 104 -20 -166 -853 -719 137 757 -649 -755 466 209 687 -363 716 989 -432 438 -588 -637 -756 789 485 -523 493 927 202 521 747 230 -846 -940 993 463
-815 216 -245 -761 281 609 320 -204 -112 999 51 -31 324 348 -80 245 -743 20 993 389 -250 -126 363 -162 -257 -741 -519 961 389 513 421 449 -575 -437 554 -564 456 501 -433 679 543 -289 386 499 80 177
81 -326 -708 -671 -288 485 846 -952 586 -924 888 -326 70 743 145 975 -405 -491 890 -704 950 573 809 -134 -289 -883 149 717 -680 -935 535 -579 -500 -978 444 464 438 975 -709 862 779 -5 -834 -262 836 236 -346
230 -543 -96 -170 -700 632 -876 521 -587 591 -730 79 139 -56 481 -289 943 -823 -748 -901 268 -692 269 -858 -701 25 355 898 -476 576 -112 187 906 992 -650 -161 414 683 -886 119 729 519 -42 914 112 272 -365 -237
-467 33 253 597 -448 -13 -727 575 808 15 650 851 -271 -684 62 600 -67 -458 980 -475 -779 -427 837 514 847 381 -584 234 -316 -109 -828 -646 689 624 -182 -345 -602 633 640 -41 -653 -100 -775 -489 83 370 -991 -613 -525
-652 525 504 -421 -173 987 -492 -958 825 -695 -309 -493 -41 942 -233 320 757 -80 -777 220 488 121 151 -539 -696 -103 -275 -444 -878 -862 -15 -736 -28 527 26 188 -185 -183 334 323 976 183 -810 462 -155 -854 -31 -96 240 357
-598 -270 -465 611 -953 852 228 317 134 -354 -768 -89 -898 727 393 -226 -968 -727 -56 289 -974 914 895 222 -983 237 196 583 -460 -237 -491 897 -640 -729 -970 168 100 592 95 -770 349 702 -445 -837 628 751 -615 -486 433 -658 -150
296 -693 256 -102 737 415 -243 936 -420 -627 -809 689 -949 -162 807 313 252 218 -248 -956 357 -496 145 -186 743 -341 347 -652 -465 -239 -334 -335 -59 897 809 79 -962 -897 -935 -168 -953 284 358 -796 284 -301 -381 -271 603 -30 -684 127
-247 894 -103 -828 -679 -846 399 -417 -847 -363 505 106 674 -685 -523 649 -692 -618 524 194 486 -296 871 -798 299 -981 706 409 -419 88 -163 394 -113 57 722 353 -932 -452 334 51 -464 -969 -112 -931 -218 813 -545 231 -891 153 -498 -977 -367
690 -855 565 -293 -537 106 177 776 -227 -476 -735 348 -118 719 186 250 -459 -379 708 34 535 106 -218 464 666 662 -208 -235 47 976 -898 92 145 78 959 660 788 50 161 416 -54 -664 732 75 962 36 -206 879 552 163 -243 93 805 42
877 347 -555 -963 947 -842 -607 -490 807 -698 -602 532 890 -353 514 -629 -354 -10 174 -91 644 -322 -146 -681 653 -272 -209 -462 352 -319 590 -884 322 -795 -740 -646 -911 -402 262 -228 -527 -870 670 276 -128 -771 -989 -794 -856 379 697 992 -997 -179 913
892 -319 -542 -939 809 660 792 -637 31 625 -66 -595 48 -457 315 132 716 686 -691 328 842 954 177 -514 662 385 401 -674 -362 -755 -81 103 -175 -357 -238 132 -961 -382 -669 392 808 -531 -593 27 -518 -437 66 616 -82 17 -378 825 393 163 928 493
-125 -960 -959 15 -932 -56 848 701 898 -208 152 10 -912 929 501 -982 -135 246 -280 -380 453 685 -128 -159 734 -613 -84 177 -484 945 -708 789 713 -724 -172 -3 -384 550 -261 408 -658 -883 731 223 -665 12 117 435 -557 981 899 -934 551 -436 -362 -453 674
-125 629 -544 -512 -299 462 -203 699 -698 706 755 751 -626 111 -559 -982 305 -838 77 43 590 229 -412 -349 152 100 -291 -686 117 250 -788 207 -934 430 780 -13 573 -713 406 -71 987 -50 367 -840 544 -921 -22 79 898 -996 752 -351 205 343 728 63 -254 839
-3 932 639 -991 557 -590 907 -995 325 870 -287 -583 -370 -103 -294 49 -224 592 442 797 -676 813 -853 109 -438 -635 -298 -479 -141 -559 953 498 -744 -772 292 355 156 -639 -834 -680 -363 -734 113 715 81 -889 327 732 863 264 -793 742 -54 -471 444 -393 826 294 641
773 -170 -310 921 288 -394 961 -114 -349 -568 -177 915 834 -893 -546 -100 525 566 873 638 -340 944 -64 -731 119 956 -964 -576 -938 361 570 781 -445 -226 182 -982 843 255 559 85 -529 583 379 -492 514 -694 466 -146 -492 -898 177 406 -420 -136 -658 -529 -309 907 745 -773
-758 -658 199 603 809 228 -846 773 142 471 -492 -829 -386 953 952 -737 -961 314 -202 25 -769 -238 321 769 228 -303 -491 899 796 -256 762 189 -200 -309 -745 -798 940 -391 -521 712 -219 -152 869 -885 -504 316 -703 576 -118 -160 288 695 -295 -220 174 487 66 87 -768 105 -716
73 -646 -518 -867 723 608 410 -867 979 531 102 35 649 145 -548 490 -157 735 -314 190 -838 -127 -87 -929 -100 17 -696 -418 -264 754 -558 280 -482 -222 141 162 -894 -226 -934 907 -85 -257 -448 569 851 295 526 616 -343 552 285 672 435 -490 587 230 518 -476 -181 744 -902 420
