153
475
-601 846
-249 371 996
-649 -307 966 203
176 -729 80 292 218
970 -502 368 2 860 983
397 596 -474 701 -909 40 859
670 846 382 978 -41 193 384 647
-790 115 -16 -746 109 -440 -334 -348 332
539 639 1000 -412 526 198 -426 233 619 330
-148 -641 180 -195 154 129 918 697 -401 -831 123
150 -931 660 -103 790 564 848 -73 -953 -210 -882 -723
-42 -516 -327 928 -868 5 -226 -638 -660 -29 796 -402 433
-956 848 -587 433 -987 -854 950 249 363 527 131 820 608 -323
-118 648 877 -134 83 517 -917 573 -217 944 243 807 -224 828 -25
398 362 -939 405 -544 725 -804 -682 447 958 -994 956 145 160 465 -470
-842 -279 -987 -236 -473 547 981 18 611 97 388 37 -841 3 -297 376 -50
101 84 -942 -825 650 -814 -252 904 790 -221 -531 -442 -74 527 833 887 -951 782
-344 -670 -720 -331 -190 871 106 -866 15 -789 -310 109 -302 -510 39 -683 622 994 885
-101 -588 317 -660 198 -298 -722 -940 -38 -66 156 949 -700 786 933 -769 883 737 346 981
398 -653 -832 420 -465 -194 806 -723 -783 -450 -871 -590 320 -895 435 670 -993 -107 -515 -597 966
698 -521 -62 424 260 958 176 -24 -30 -19 802 -937 915 535 851 -325 29 -125 -124 -127 867 632
521 345 505 -362 -91 267 -124 123 -207 -352 139 -808 594 117 756 286 -335 995 737 -932 432 920 -434
642 -377 639 -442 676 -232 -384 430 887 -906 -436 514 897 616 801 -807 -248 -581 28 544 -306 201 -101 286
-741 865 933 668 992 993 319 27 -36 -301 755 283 -655 -292 -887 -538 342 -202 253 -668 266 -11 32 -427 672
243 655 13 480 591 961 -167 176 -813 863 -324 721 -825 -90 35 -554 715 624 -978 -430 -260 -724 604 -390 569 945
951 -52 257 -283 -209 991 -911 -942 -81 486 529 -391 -590 -674 -461 924 -932 947 506 643 79 262 -710 197 -871 188 -272
-578 -67 396 -942 706 -877 -764 658 -490 823 -648 643 -522 -878 438 -132 943 702 403 -475 105 647 -602 -513 -973 765 434 -370
-172 472 264 62 295 -592 856 738 865 59 439 -133 -693 -938 -137 215 -427 -346 -674 -414 588 -671 65 -177 -314 501 946 767 107
-380 -423 -21 -646 201 162 181 973 -878 -622 192 -976 -58 937 -655 908 -637 924 143 887 218 610 -436 -691 -977 239 510 233 493 384
-210 -998 -379 258 -532 352 -563 -614 -794 -675 -183 -416 -568 779 122 -537 -737 -565 323 444 307 323 -665 20 -387 -847 898 126 465 -6 -905
-602 222 -976 -339 -926 302 464 566 -835 804 727 -494 -50 929 -817 -691 -484 -144 616 217 291 606 529 678 -242 -627 -421 -118 565 459 -54 572
-7 -20 468 298 671 -49 520 297 -882 757 -615 770 577 408 -682 295 250 -56 541 322 -770 -607 -512 334 571 -507 -326 5 164 -657 -550 -310 -653
-111 467 -396 68 14 -476 234 529 917 369 -32 -342 -473 -821 650 652 366 -570 -607 -871 963 -294 286 332 -464 -800 455 364 557 924 -867 -476 -583 -286
-982 -54 -370 -362 -916 -611 144 -21 -997 141 -381 -648 -237 -439 425 -826 -725 -413 834 524 -227 -665 148 130 -345 50 -597 -479 193 -968 -369 215 170 -882 -831
-445 -430 812 677 -635 -594 878 -212 -625 876 -807 -402 -651 -60 -975 -888 613 -532 -769 -146 559 -916 -406 -358 -932 -519 -455 -720 -317 171 760 -222 -52 -779 -387 32
-30 336 -919 9 114 416 429 960 -878 -886 -367 507 -831 21 151 635 528 -892 -48 828 -618 -753 -275 957 -596 -509 137 594 144 -445 -662 -113 23 -37 -563 545 549
550 433 337 712 464 408 -605 -317 -832 -660 182 223 -232 732 977 215 -80 -699 -570 -839 -94 -398 -507 942 643 562 146 -512 481 -745 902 210 -243 -378 -107 656 714 -533
-640 -912 -9 57 -267 -205 -170 716 -582 992 823 788 -418 -598 201 691 689 -880 418 -952 470 -574 595 -863 254 -44 610 -604 433 111 757 50 49 846 -550 437 572 -859 966
406 -75 -796 556 75 20 476 -678 12 516 49 -18 -235 -410 699 -519 696 849 -859 106 552 751 -761 812 -698 34 -860 186 -432 682 763 -128 160 -11 666 900 860 267 870 -429
40 224 -566 415 -175 760 938 -172 -829 -681 -182 730 666 -194 -772 -1000 -863 612 -675 -654 921 -329 -851 -225 525 -717 762 -817 -187 618 110 932 -886 -4 -549 743 -649 -97 -931 317 -512
327 -291 836 428 -163 -50 -609 836 359 -645 865 -170 -889 62 568 929 147 -301 807 649 332 -710 27 960 855 815 -221 511 -664 -974 928 -337 650 12 -954 425 -390 886 501 725 911 724
752 432 637 -317 654 54 724 -963 65 874 444 -477 -419 8 -560 -106 887 -638 816 988 -770 -715 318 12 491 71 172 -711 -880 -616 -804 -52 -53 -831 620 -29 -129 -727 268 403 -384 648 -560
-690 -902 544 680 -572 -468 -452 179 922 661 781 -925 160 981 764 821 -63 -3 -463 214 581 228 600 -567 -166 328 196 -194 -932 -118 -385 85 -508 597 489 -61 -594 764 822 949 -22 -373 268 621
-273 397 832 754 -82 733 -998 -963 888 -834 469 492 -43 -763 602 -179 118 706 2 862 -36 -76 -993 -950 452 294 -413 -243 125 -7 433 -242 -489 398 909 789 -633 266 119 -118 -494 -500 640 604 -343
54 -563 484 -442 -195 -357 263 849 24 -941 -199 -946 -763 -25 -102 598 358 -334 344 573 -321 397 360 -904 -552 -586 -66 564 -617 335 422 -436 -332 894 -990 916 478 927 809 -687 223 -308 -516 676 878 834
436 908 590 -575 -231 987 -181 -1 347 264 -145 -685 -830 346 -931 -84 858 16 240 -34 533 -219 -528 98 -429 -991 72 -211 -556 723 -826 -951 723 363 -814 -796 470 146 -757 -839 -633 -806 33 215 -569 -102 426
365 96 -99 -222 73 145 -82 390 -27 346 -11 -47 -610 -572 -537 -254 -299 -835 369 268 -612 -367 73 -140 752 686 394 431 -657 22 -352 824 -950 -205 183 -994 -802 376 -778 -31 -344 668 353 -566 -326 -800 -984 -159
696 -882 593 -26 645 847 -988 -705 -639 634 -608 -289 -830 -817 396 393 -892 -478 -923 -301 -386 -250 -230 654 597 223 -326 -81 -951 25 380 -539 -407 965 875 -329 -36 -990 294 -958 471 -616 -951 -669 422 938 -629 -264 855
-645 881 61 236 -955 690 -1000 145 766 817 687 892 -510 218 -789 -119 -122 -846 477 -96 404 -809 -255 -732 129 -124 633 -168 720 702 308 172 -369 -147 255 63 240 -322 482 765 -208 -451 -269 -51 -926 -453 -203 -334 787 725
-940 -100 342 614 133 -387 -869 606 338 -843 -18 581 896 -189 -319 -985 519 291 636 -898 90 176 100 761 -460 -98 -270 190 36 -105 318 443 -644 423 507 138 -578 861 72 -770 456 -435 444 -330 -823 409 565 -640 887 -390 420
848 -504 349 -53 -23 -468 -368 -684 439 339 -625 940 69 816 244 336 -29 -6 -463 85 -641 -171 -505 730 644 -963 31 -372 484 -456 -922 -820 712 379 191 -843 656 -58 43 -419 -725 402 274 -159 552 -28 -423 370 -464 693 -893 269
-471 -380 89 725 -217 -264 -194 -804 -293 -986 456 -786 -484 236 938 -230 -952 17 -452 -820 444 -197 -74 -965 -938 -302 790 40 291 -273 503 -907 632 -662 3 -688 -118 491 258 4 -556 -548 -241 725 346 -35 -254 -444 -312 -668 -789 -848 966
999 642 -326 -145 207 544 47 131 -267 865 421 -97 -481 -405 -509 15 252 -435 961 -48 390 660 -201 304 666 402 879 678 504 32 -515 149 723 -948 456 -61 885 202 -917 240 884 -747 -291 731 990 -270 29 -222 278 -13 22 884 -708 253
210 384 -820 835 443 431 169 -263 268 575 489 547 511 -740 574 -680 270 -917 622 890 -900 -130 845 859 -943 400 115 174 -12 271 -217 441 581 -734 627 -758 -973 340 -779 -251 806 -391 322 -698 85 598 -574 180 563 768 244 -602 511 574 736
796 -638 795 -240 845 516 -837 -562 -265 -544 35 -777 597 -499 -61 390 -187 -872 -710 -930 384 655 -867 -145 -20 -689 -752 -177 611 398 -862 118 972 -371 484 65 -552 -687 -299 723 723 -981 -563 812 936 707 799 475 -618 -64 -268 -587 548 780 -795 149
713 663 -412 523 344 348 961 196 407 826 -145 -42 -14 -98 494 712 269 -595 80 -196 -253 -592 -560 630 -296 527 167 753 482 178 -874 -38 497 939 -466 564 -328 813 456 247 -414 109 -892 622 272 -463 -72 44 -8 -236 -768 549 695 231 576 -386 572
562 -195 924 -973 -146 -447 -654 -363 964 318 377 -623 299 417 -595 991 -487 -812 541 -702 55 923 -915 -322 -215 949 5 195 604 153 -329 -657 -256 -849 -675 -554 303 614 -426 477 96 -40 23 -929 -536 -488 849 798 248 -506 622 970 -859 -410 851 -474 615 -773
-537 -368 531 -461 -803 648 286 -291 -436 -448 -181 110 624 436 -180 299 236 -449 -411 -347 -846 -749 -580 731 -889 -314 -576 90 960 200 -182 992 831 932 764 788 794 778 -350 490 -182 -732 -401 668 -789 -10 152 923 -281 275 -488 449 980 56 -875 -515 -313 100 110
659 77 -683 688 620 -775 36 -495 118 651 -137 606 515 -181 -279 -884 409 -499 -289 -951 394 596 -12 162 -704 -379 -314 -674 37 24 869 -849 191 -14 -971 -621 811 -591 -123 73 3 156 214 -791 -337 -66 -985 302 510 -35 -109 -749 130 465 -978 -909 -358 12 -224 -215
-602 220 -834 -429 190 978 60 576 461 -684 814 140 68 92 -718 494 -460 173 -377 136 -955 -42 684 446 -180 -637 -52 -343 -901 -611 646 900 215 255 41 -526 972 -480 865 913 -486 874 847 423 -907 514 429 -143 -519 -349 -981 628 -172 -189 531 -354 760 781 956 87 360
347 -865 -930 80 -571 451 303 -674 818 735 -678 458 -247 848 223 -603 -36 -63 647 323 96 -747 -37 -781 -424 738 182 680 -275 -807 -730 996 -737 -208 -252 -497 949 384 -769 977 774 -966 29 957 -740 661 -569 971 -250 -73 594 528 -236 -614 -155 -504 94 -165 447 884 -940 653
969 515 444 612 -6 552 568 633 707 -850 207 685 -543 -951 35 -417 62 -479 -676 535 538 -627 744 -681 -62 -424 -201 729 632 286 277 -469 944 -972 503 -725 -529 375 277 856 112 -566 307 565 -889 65 705 266 -654 582 -316 -999 65 810 -764 -308 632 -239 -323 -851 -548 759 938
-329 -982 769 -650 663 -828 260 151 734 -968 831 153 -192 523 -954 -559 -264 -905 -1 189 287 -299 16 -132 759 -34 791 40 -973 -884 645 988 -489 -598 879 -276 -229 -951 568 -421 204 468 863 -274 -443 -132 -606 -601 425 737 388 154 780 -227 507 -635 951 -791 -286 -552 -823 -281 729 -278
237 874 -55 890 784 -212 -610 -606 284 -346 -70 -145 264 -308 -762 -895 -41 -273 539 264 -729 589 231 439 379 -486 154 137 229 -423 890 559 -679 974 -643 937 97 -325 -518 21 855 782 609 -242 -214 212 947 -546 326 -789 -806 -277 93 -405 -587 -964 -848 -968 435 934 228 736 323 452 314
-147 -354 964 -557 520 889 -294 754 -194 -535 -974 8 -164 -662 663 -906 811 698 458 883 851 -640 -366 874 -6 485 763 290 -579 -501 881 577 575 -872 -922 -926 -281 609 -809 -411 -763 804 19 22 48 518 -705 60 644 441 -185 738 384 359 -469 746 565 -368 -705 -597 -998 -637 379 -241 754 -674
-73 -359 481 951 -336 -364 -61 859 -452 -794 -976 -416 554 -150 912 966 -191 748 -13 -918 885 -855 73 876 -58 175 -248 680 481 -928 304 -766 794 -651 -891 934 -920 -587 -22 148 969 -7 -312 -913 749 159 968 240 -248 -862 -257 43 -567 716 -994 527 15 -139 91 -72 659 388 751 309 -524 305 -205
807 471 -842 -264 -973 -446 -459 954 -956 953 -998 -221 713 -160 -704 825 -585 600 -871 -978 -496 926 284 206 245 -72 -789 -777 -286 -259 736 -221 -186 -406 -748 -714 -30 629 213 -906 -107 -553 -277 515 176 -445 -612 4 -663 894 72 433 -424 -485 792 812 -448 -585 515 629 -296 -131 529 116 -241 989 196 -129
-336 291 -155 851 929 760 299 -520 -347 -348 688 469 762 906 173 462 227 545 -610 358 419 163 -700 -96 -725 -683 -21 -640 784 -641 964 827 -55 -236 -177 234 -700 494 -319 -942 -253 -853 763 672 -321 990 -907 282 -775 -262 -490 557 -918 185 615 -673 -198 -495 809 522 860 -541 448 -101 476 -741 668 570 67
224 -650 447 87 343 -125 449 457 -436 460 -818 461 222 -433 -123 52 617 -302 901 773 -117 -908 -174 115 808 -441 528 498 -10 361 -102 809 388 -538 -516 -335 315 -727 -840 -519 -652 572 -969 -843 593 -223 369 -296 270 -779 711 69 464 79 825 136 -726 452 -299 296 392 947 -168 34 463 387 279 341 -962 595
-845 -312 483 737 -805 -612 563 -429 -403 -182 176 546 553 7 -284 771 114 -562 69 -355 822 571 327 -196 -363 648 950 -878 773 -429 -564 -533 797 643 171 214 -232 -309 105 -550 632 -908 294 48 -279 746 931 -13 -875 154 905 -23 -850 -479 38 114 -312 -135 507 -237 855 -937 527 986 -458 538 -57 -534 10 117 -289
-363 290 -147 104 316 -904 21 637 -968 842 -902 -647 454 808 727 -84 -809 -849 637 -298 -333 -384 -4 606 639 900 -712 4 -108 -834 454 238 -731 868 325 431 -781 -261 616 -653 102 712 -802 737 904 664 545 934 79 -171 -985 -584 688 801 171 700 442 -777 -62 -351 258 -898 -242 148 -73 -122 670 116 552 295 458 840
790 -115 878 865 73 -280 -658 397 -309 593 -769 983 786 -952 -892 -838 -458 -843 -946 217 771 -562 -12 88 -83 -28 163 887 991 -684 -439 -321 239 408 294 -264 -506 -102 489 91 95 -984 -230 -78 -634 252 320 376 -553 -974 876 -956 -655 -577 704 -51 -564 -363 407 438 -191 764 -725 -443 792 -175 839 -892 808 728 985 -665 -605
600 -984 -422 626 -273 -138 205 -964 640 -745 198 597 844 169 -498 381 -136 -410 -396 -447 -441 249 -99 884 862 795 687 11 74 920 59 -747 575 531 -651 -734 357 -682 781 467 314 -526 -920 -839 -161 -640 -930 25 815 -95 -370 67 8 720 530 -514 390 586 -605 -899 -214 -61 -955 651 -566 736 -561 -6 -882 -361 972 204 235 635
-248 187 370 -489 -441 193 -289 -482 837 -929 -510 -167 -719 386 324 -816 933 0 -465 -175 -239 154 923 -563 -186 451 473 -417 615 -170 -773 -792 -334 461 -393 -787 -622 379 -507 -640 641 -256 -650 -612 -488 237 188 65 -229 839 391 -407 -884 -39 568 262 971 -899 -637 -499 -494 -533 -817 -809 -125 88 144 319 -369 615 -760 18 469 764 -788
-840 -932 -791 -687 -761 -144 120 672 -360 -356 -122 802 364 -841 -999 871 -726 415 -489 -231 -473 -265 107 271 995 143 -419 -721 571 -787 321 203 281 -875 -189 928 -611 257 47 -688 -586 -447 985 41 -84 299 239 705 559 -639 128 -621 -724 225 -130 -911 224 681 52 -190 -582 127 103 81 -971 512 -910 -978 524 -597 361 -852 -910 -267 -266 172
-337 -822 768 -179 373 -477 903 -788 -939 -934 -856 525 -473 264 -923 -117 30 365 -892 -145 715 126 -138 189 -136 -790 782 -614 -610 406 -919 859 888 -887 222 -84 532 93 518 623 858 772 333 871 -549 -777 -828 292 951 -756 624 290 780 799 -551 -408 -182 -59 508 -241 -583 -869 489 114 163 994 386 360 911 341 -818 212 -601 -78 716 -989 828
253 696 -918 -541 465 703 -577 30 976 -918 -391 804 -440 830 -344 118 318 -291 663 -208 408 751 -921 -474 -80 905 570 629 -556 878 914 -632 800 -540 -493 -396 -209 438 6 657 421 146 -742 649 612 678 746 -902 167 -271 498 -566 -27 -545 383 89 860 -3 -997 765 358 452 409 -605 283 -395 -559 101 178 715 309 525 -27 -465 -708 -291 -508 428
755 771 178 -560 -89 -905 -357 -868 -276 453 -830 156 -220 468 640 227 126 649 -144 -582 593 580 621 127 57 -149 -332 -744 -903 961 -164 -419 583 -855 -814 -97 -469 -496 -554 554 -63 -245 79 718 717 729 -767 117 886 636 -158 122 235 739 -905 917 894 324 -435 693 335 610 -276 -43 -130 -826 -904 -628 -432 63 86 -423 -656 754 82 -48 -274 951 285
74 324 -656 935 341 -352 -917 951 -632 276 -874 778 739 -561 -500 593 -394 -674 -392 445 412 -197 366 485 656 714 -98 980 373 -510 637 920 624 480 513 840 113 514 644 -73 615 -858 -160 -865 901 -127 -609 -512 205 -879 -452 730 608 330 -645 -523 -341 168 767 -608 419 -973 -684 645 -426 429 -621 700 -607 -127 -643 36 -299 780 326 -542 626 923 -598 448
181 -125 -597 -263 -161 -377 258 358 -920 97 -749 955 494 -14 -854 -230 -395 -14 -126 644 674 702 693 917 953 -869 -480 -84 -418 -3 25 655 -934 -40 -815 -473 53 -658 72 -521 101 -249 611 397 69 724 -195 -948 630 287 -322 990 -620 520 -798 288 303 -84 -433 -992 -978 574 900 891 363 -815 -967 -465 -607 -124 -256 724 328 508 -328 -544 83 -372 -148 -647 925
51 444 -762 -291 -230 507 452 717 -658 -634 -549 38 142 127 -720 926 -461 -845 339 493 890 146 -367 -149 -656 506 -229 -552 -708 118 826 -440 -285 816 -670 197 -946 376 -516 -382 216 -605 326 280 490 112 717 834 934 -244 -69 -698 227 -735 -770 584 392 362 -212 -378 -998 795 682 -366 -814 -357 -642 621 682 822 666 102 -512 552 -770 -414 -83 315 259 465 341 -359
645 967 44 599 535 707 -328 611 -848 -842 361 44 -727 -963 -203 643 41 -248 679 846 723 263 -559 440 -569 -781 470 -722 -169 799 -766 958 -703 -769 -436 791 -17 -671 -188 -12 495 -83 -673 814 -86 -752 -976 -99 -751 38 52 -787 866 -466 -415 -350 625 407 772 -834 856 -280 -314 59 295 -39 884 172 982 968 -808 772 -388 905 -664 -762 -805 547 660 -190 -509 143 -648
-690 -464 -168 -939 11 -403 590 -265 -747 294 676 -631 186 944 -142 -475 280 -345 3 909 654 -92 -628 -123 -142 -748 300 444 479 69 909 141 -76 914 21 355 550 947 -792 719 634 1 122 105 221 774 933 758 -475 -732 -316 -920 -639 593 343 12 -96 348 -257 780 21 -97 -714 -258 675 -23 -889 868 -615 58 888 -833 -356 877 -655 -990 -231 -723 244 -523 -641 174 -389 -663
-473 981 666 -850 804 649 255 -747 -832 -995 -490 -116 627 231 623 431 -654 -880 949 188 436 -6 -455 -310 75 -549 751 789 770 -960 -438 949 -39 -437 -878 -420 -763 -228 -983 -320 -697 -433 -967 -412 624 -611 -429 236 256 -618 201 872 577 140 501 930 -39 -722 68 857 946 72 -423 249 172 59 -43 -927 196 551 -383 124 211 365 -652 905 457 880 677 174 516 -67 -630 473 134
402 161 518 -131 147 661 -749 -354 -886 -567 85 703 674 -513 -129 907 89 -685 -582 -782 952 559 -908 992 344 -795 987 -411 692 724 -894 484 656 603 597 863 94 778 -991 919 597 979 -713 -479 810 -738 -865 795 547 69 322 -136 923 459 -436 194 -251 378 17 -539 751 -4 48 318 -776 -342 -19 -808 -408 -107 527 -896 701 -50 888 -943 -562 250 639 110 -457 -473 -283 -749 129 -24
-717 -356 872 -621 208 -457 -12 -206 599 91 -799 529 -907 -588 -747 844 267 -335 -81 -235 86 204 -161 -314 216 805 -61 865 -170 200 693 650 -356 -79 540 594 164 -86 -828 -510 -616 -412 862 -616 150 718 -523 938 326 190 539 -480 153 -666 710 -781 -903 815 520 -445 -868 -787 502 374 -871 634 81 614 452 -872 -32 320 501 763 -220 849 -948 654 147 -392 -839 -766 -536 849 -764 738 -891
-776 -783 -938 -817 615 1 250 -625 272 -256 346 -509 678 -811 -747 -20 -601 441 556 263 791 -996 -879 -87 -785 702 761 244 59 480 493 835 794 -187 -400 -181 -896 -989 -826 26 770 587 -974 -273 344 950 -738 716 661 38 173 731 -240 -504 273 -520 753 968 -924 -200 -356 21 -996 -396 585 641 220 -310 -172 440 123 -406 -831 985 148 -29 -619 120 446 -153 -400 437 -554 942 -192 340 -230 670
-782 -610 -972 276 747 -912 553 -27 -763 11 -961 845 -861 -598 624 598 -839 -187 408 -449 993 -284 727 -577 516 609 90 313 -535 -564 -100 579 627 -909 -17 -702 655 -465 -664 -811 -971 -680 382 -491 70 698 305 188 689 -219 -680 331 472 -925 -511 -437 915 -353 -259 -479 623 804 -347 -464 278 -478 766 -281 -256 786 105 229 101 -26 696 -232 -443 651 809 81 -215 553 -338 -257 503 985 -10 468 46
46 -740 -626 -512 961 -226 -676 -771 -342 -946 -778 693 504 818 762 -921 -180 -177 -827 -100 467 -294 -917 -688 46 -684 709 205 494 204 672 -881 -687 277 -166 206 419 492 846 -784 -644 -20 -442 -190 -943 -348 -265 -888 788 565 359 290 614 644 166 -806 554 623 -907 271 754 50 -344 23 223 -282 -542 838 960 204 -391 -203 -478 483 -134 -621 -222 206 -601 713 -594 61 -214 513 -342 -573 -185 -409 -177 262
-406 769 -986 731 562 931 216 -776 867 363 827 650 -351 580 537 -322 391 -531 969 618 -141 65 303 -230 794 293 -836 -730 592 328 -872 916 397 -773 -43 512 -208 316 -883 -753 -762 945 667 233 -969 287 -778 195 -822 -170 -994 417 -62 -681 -229 -544 -897 64 -555 -351 658 638 -4 -654 -615 87 237 854 878 931 -342 246 918 -380 -105 158 -829 -577 599 314 769 -280 331 60 -154 814 -726 -333 -107 -944 -226
527 794 -212 164 -388 -303 449 426 -610 -291 -598 -534 -772 950 -381 -364 -30 -10 -133 -859 -504 279 246 -800 -113 -345 -674 -807 -695 -624 -179 -250 885 -41 773 749 -797 341 -241 -960 149 430 312 65 -217 145 101 790 647 289 -477 -584 554 385 541 33 -739 482 785 966 997 939 153 -34 -954 -240 788 160 -140 367 31 -258 -539 -946 -129 454 300 -107 935 457 -3 -800 460 -602 395 -578 -912 -7 -69 648 878 -604
-456 -838 274 396 711 156 -212 -836 168 169 -392 315 -111 588 366 -160 674 -337 -749 706 737 -538 823 177 -200 45 46 -639 90 -271 870 -107 -398 -555 473 436 480 355 -648 49 214 924 75 489 -978 223 869 563 -437 -283 986 965 464 385 -976 -29 792 651 -935 -319 575 204 100 -994 787 50 383 -90 -922 -33 515 433 -734 -325 697 107 -906 704 -295 1000 -270 -63 -419 92 603 457 856 712 170 229 540 555 -935
700 543 20 685 275 -456 -895 -620 117 758 -933 166 111 -534 837 614 579 323 435 -502 429 -675 -588 308 208 -885 -861 -531 -318 755 971 -826 519 -395 -812 -677 -215 -930 928 76 215 860 -203 502 294 -168 269 798 -558 591 -69 -842 752 -853 -618 198 2 889 852 290 747 -88 383 546 917 -576 640 -86 925 -288 971 487 -404 258 390 672 -227 -456 -119 -11 -623 -342 -271 -391 -285 -185 962 80 949 -945 587 -660 206 -268
809 382 493 -705 302 -287 -549 -323 -581 -583 -986 173 -347 133 54 -277 -861 4 -383 -507 -163 -871 -478 -434 -953 -771 -637 797 -322 494 409 -530 -62 -504 -100 -924 171 543 779 878 -964 226 -61 238 -145 -340 -75 -83 245 981 -723 702 958 -535 -984 911 838 -370 918 848 658 945 287 -313 901 -690 331 -315 -28 111 -959 744 -108 759 463 269 252 515 -908 968 395 986 -589 -148 -410 680 868 -92 821 382 -653 132 -478 794 863
948 48 499 -290 61 224 624 132 501 -739 960 -654 55 -20 -726 712 583 554 -568 -693 957 -64 -704 -277 -564 -324 333 -257 771 233 -577 333 853 -189 -991 946 -440 -370 -206 3 -955 926 700 -281 214 -99 -939 -633 101 -417 -574 265 503 -399 -203 -545 -694 -655 -487 -856 588 409 -990 768 -433 -538 833 -960 876 -238 -498 131 -247 -930 643 598 227 420 -499 -43 455 -577 538 317 -513 -62 72 -305 -502 -11 -256 -382 390 15 662 776
765 -219 -996 744 914 444 455 -603 172 -778 125 -154 -236 -265 775 -564 21 856 219 -147 -85 911 778 631 631 387 -336 -364 370 -861 131 -865 353 751 -688 626 232 739 633 -496 -539 964 757 -88 -5 -160 -733 164 75 -866 -450 -77 -935 -550 637 730 335 884 366 -82 -384 576 -284 -313 -397 161 309 -167 867 -315 951 763 -787 630 694 720 768 382 -223 868 -348 952 -461 -563 -814 -347 661 -162 -758 850 -279 -775 -59 852 -514 -843 -263
598 -297 83 -387 616 486 -979 -137 -635 -469 946 68 570 618 670 57 503 858 -382 -552 -745 -500 192 294 242 -881 758 496 -372 -736 -510 -127 -41 -821 -141 -35 636 645 -770 167 -885 -962 49 189 -876 -790 786 -193 -663 -874 786 258 454 -994 -738 702 695 -651 66 498 -662 -138 -809 -745 -562 101 670 -647 -940 -694 -420 -279 821 968 -844 -60 -848 -789 710 -833 -855 -621 -941 -625 -262 -286 -511 437 981 -453 481 -48 158 481 -967 145 556 -462
262 611 855 -327 -287 -567 518 -189 -782 -783 -538 -390 -422 347 625 -890 491 -950 -107 401 -286 204 -451 -827 528 -380 953 111 -234 -608 2 801 323 -569 -803 99 487 169 329 -547 -590 797 -440 44 196 -19 -311 -174 -999 596 -697 473 703 709 -21 704 306 43 173 -737 139 -346 -989 -626 -737 -507 -608 -192 298 -290 445 846 820 676 -21 -358 -430 642 176 -217 -805 -939 -858 124 323 297 -863 992 -479 -494 873 -753 -998 -340 -578 872 331 89 909
527 -337 997 -276 327 89 -602 386 939 548 47 317 233 344 17 426 -332 405 -150 -204 -834 -511 883 293 887 -87 -72 -761 -251 877 -359 -60 393 561 764 -124 -969 -27 959 -428 296 596 199 654 -415 865 -193 -226 988 250 -939 556 310 -914 126 985 766 -842 -72 -566 -209 899 -84 924 880 -866 441 -334 -144 -3 617 621 -886 184 -667 -153 242 406 -62 49 766 73 176 -821 -611 883 400 507 -669 204 587 -5 417 -836 -996 -768 -419 -22 -248 -623
538 394 -607 -467 923 -751 855 834 -691 -927 593 -314 638 425 837 369 -82 664 -291 23 -624 -162 -12 716 -572 -441 -342 -303 -315 -202 -781 -354 -13 496 -862 548 840 23 -988 777 -772 -813 226 -818 -37 1000 343 464 -952 -11 -358 -560 -147 -14 348 48 -133 -853 -52 776 -366 481 -792 290 889 -266 -871 198 -958 -129 675 51 430 946 -999 -789 -867 -368 223 384 -584 732 -178 449 990 394 385 -587 341 -771 534 378 439 500 -662 -629 -406 989 161 113 -261
179 629 -972 983 -111 -310 -704 -455 -893 193 109 -228 -724 -942 -403 436 -287 253 815 -762 -881 214 -96 472 -28 -60 -408 -999 797 -19 -612 57 -549 -459 439 19 -905 227 -191 -553 499 -681 -595 926 319 -846 -680 862 710 453 256 784 -820 955 920 -319 -123 443 847 918 413 -204 -179 -797 8 -978 -416 -588 -628 842 870 8 980 -398 984 -51 911 505 217 584 943 -369 -934 886 -889 -433 -344 537 177 -728 424 274 -801 -23 534 -882 -953 274 -778 -240 830 428
-598 -728 -978 136 -41 -104 -728 958 423 802 -25 893 916 471 -173 583 320 663 -151 559 121 120 854 -446 -635 253 427 -309 -992 -691 905 -156 -969 -750 302 -374 -95 -185 -691 178 222 556 755 399 625 939 439 957 -82 30 36 438 754 683 960 -499 -766 -843 183 -466 310 -83 -313 237 -26 881 748 701 -956 -55 -261 -252 400 322 -29 -491 514 -206 426 -204 -800 198 -424 -362 909 419 437 318 -450 -147 -188 111 -254 339 699 -381 102 -56 -749 -999 -767 -960 -199
964 751 -229 -546 548 523 832 -926 -461 513 -266 75 -761 -849 -955 -333 -46 -166 -74 -361 -129 868 -862 -310 816 -192 505 537 -220 -894 433 -322 -465 574 -695 447 -163 -69 978 319 651 68 1000 -345 458 -20 -434 -290 -741 -194 198 -484 -4 212 -417 753 613 -852 113 -763 979 845 849 -553 29 141 325 -434 431 -414 382 -990 257 -285 94 -722 -909 -232 -979 240 -478 630 102 -720 593 906 669 -69 -347 26 448 228 -452 -22 568 -157 58 -659 -351 981 -84 853 253 579
311 -795 -961 -776 766 385 -656 -764 490 854 750 -395 270 -247 -425 289 973 876 -541 -4 173 -832 59 548 425 519 -534 237 -834 -127 855 -923 -60 -326 -638 569 372 -590 -328 -276 -793 -206 179 371 816 -728 317 652 502 464 481 -453 466 -672 69 450 448 -107 488 -868 767 710 360 920 -755 -997 -412 182 508 920 -308 778 -899 -222 -494 -432 551 -573 -994 917 -867 833 -630 905 -899 -998 -616 -848 971 663 102 -718 -357 87 557 -597 755 111 -536 380 -634 -61 -503 -143 -609
20 440 578 -591 527 80 -583 -338 314 -57 -348 827 593 381 -218 357 -868 -136 827 -819 5 -756 168 663 87 46 -943 576 625 813 -299 -96 508 532 358 653 423 132 644 832 -617 -168 551 -748 40 429 -370 995 -33 491 348 384 -774 -849 637 51 229 -25 992 120 464 -320 973 -540 -716 197 928 -28 239 -395 213 573 55 239 -499 -706 987 -111 374 192 864 -515 -333 890 -753 -483 -886 -506 -990 344 527 804 826 -237 507 -24 292 287 -962 -140 963 -106 551 -658 401 675
23 838 153 570 198 643 -638 129 -922 669 -405 897 -790 -527 496 999 922 -290 -811 805 785 783 721 -761 457 -901 382 537 -45 -464 876 846 669 691 513 205 -244 894 -985 -275 -118 -815 336 158 -928 -365 790 300 -46 -438 -695 165 -814 -266 -468 852 -923 175 366 -347 671 -494 509 -461 -620 -373 193 -689 -71 368 -97 490 267 -145 520 980 592 -132 237 -675 105 990 888 784 -795 450 555 -891 -177 139 -484 573 187 652 -547 483 -191 -861 -192 -836 935 131 -119 -627 -44 -400 -514
48 982 -735 211 198 -186 823 -756 763 -129 -668 -754 536 -664 -759 -589 -929 -783 295 474 591 900 912 -605 46 329 -35 516 820 124 -212 934 860 251 -410 -366 -483 -609 -290 -208 767 81 922 450 -889 -54 -245 740 -672 323 500 887 7 -575 -962 353 -605 976 -734 791 -404 -48 641 379 953 719 2 -393 -99 -171 5 -492 845 228 -358 -669 115 -872 347 51 861 -937 -944 448 -247 338 -542 227 10 695 622 -743 307 -633 -47 -121 986 -970 -596 385 355 7 -274 791 -649 130 787 -942
173 -845 -535 657 -621 905 -574 -169 -765 485 -84 -108 492 -779 75 -999 858 -737 552 611 419 559 -409 -212 318 992 803 -817 -410 748 -994 -715 486 -846 607 -257 192 230 772 -555 -615 555 57 -698 -537 -798 -619 -268 185 -607 -991 -440 -680 962 -57 379 664 -490 569 220 606 -77 -129 241 724 -10 245 -904 678 744 -747 0 711 -63 75 -336 -158 310 -671 -149 -752 -195 137 -281 -13 495 557 -351 -112 -879 893 -707 686 38 -854 469 544 397 975 660 881 337 -259 271 386 588 438 539 -112
-67 609 478 412 -475 -865 -988 67 -491 -429 102 -110 775 679 -592 956 -822 847 364 -270 -511 22 -129 443 -537 641 158 -620 62 -216 39 -748 -162 -532 -8 659 374 43 353 159 -400 -280 386 919 766 217 957 -754 -670 -557 871 -610 979 -205 -532 506 416 555 609 443 800 -46 888 902 447 687 169 -392 241 -222 800 888 390 -795 776 239 -549 225 721 -447 -558 4 482 -581 -403 -447 -501 51 241 493 519 -997 -306 437 -304 122 677 -641 -431 722 -267 -846 -692 -547 939 -396 47 486 739 -556
-883 -718 613 273 -13 786 470 950 -250 993 815 -176 -650 -215 690 -671 -182 11 628 -169 55 -235 83 -120 -137 -780 -186 609 -281 -465 62 -71 -792 468 616 -585 -453 35 326 729 863 -553 875 -889 509 804 -603 524 -896 693 -384 129 390 136 362 425 -468 724 -804 -140 -46 -29 980 -14 823 -393 -31 703 -642 -230 341 548 -337 761 -795 807 84 80 -619 -409 274 -80 348 -604 -319 -542 853 -346 -761 797 795 -317 750 -322 -658 625 104 -542 -846 -295 -139 274 -548 869 875 -402 341 467 728 -494 683
229 661 -794 925 -700 718 541 -957 873 -127 939 -339 734 -384 -842 429 129 521 -274 721 367 887 -621 289 815 -712 -208 -540 583 -582 706 74 688 -708 -557 263 -35 -505 -555 136 351 82 -788 271 279 750 80 931 269 -109 306 946 -173 591 -137 -655 704 -397 -636 -176 218 809 -95 168 276 -168 -581 793 -51 -571 61 791 950 888 -790 366 -821 -999 278 805 17 769 -392 821 -227 292 -718 414 -613 302 274 592 -669 -817 -588 945 -578 173 -341 764 207 767 -443 -216 -348 -344 -580 121 -164 -713 -854 925
-953 -226 -679 -298 -99 277 423 551 -918 118 218 292 -101 358 -521 788 -361 -502 355 -520 911 -171 -210 -718 374 805 98 994 53 472 578 -493 -987 -143 317 269 -6 -937 -709 -18 -828 339 503 -864 -955 749 -124 318 586 -723 -842 492 91 818 875 -249 525 -344 -44 -36 -937 -370 -603 -618 258 -668 708 -477 -758 -826 -773 -30 156 -101 -831 659 -952 167 738 -10 -148 404 -280 479 300 -615 -387 430 734 496 -33 839 861 948 -26 -910 -431 -160 21 -297 728 -155 395 407 657 -638 -352 -585 642 -426 -390 889 388
-402 78 941 687 168 9 358 297 -407 181 472 92 -701 -436 950 985 -275 636 -466 -518 -859 -771 459 -600 -897 494 604 -172 -690 283 -79 -797 -420 507 856 -871 -635 930 -753 -537 477 0 620 -250 -857 659 211 109 -599 -490 493 -509 17 944 947 46 554 376 632 994 508 429 -921 -223 783 -601 -777 -969 -312 -19 -37 -662 -772 689 489 -426 642 -832 -332 540 -149 434 -673 -303 -600 563 -762 467 334 848 896 675 -213 -424 -327 297 -119 -314 -672 726 -501 525 -162 -878 307 -321 -856 523 -188 552 395 128 -397 137
-451 626 -941 82 967 -922 -837 950 977 869 -639 -70 657 935 754 585 -769 -729 844 -174 870 730 357 -654 -874 154 -709 -912 63 -196 -961 60 823 561 523 533 368 -739 -223 478 -386 18 -339 -68 825 78 488 -349 831 961 -270 489 -68 -845 450 712 103 -40 588 105 185 -879 165 965 63 -16 780 -209 421 559 87 711 744 685 438 -669 -935 -716 -507 -815 685 756 691 187 -565 -288 -660 640 -147 629 -872 738 -396 -801 758 -61 -75 829 246 -266 -411 866 -335 -678 -455 -728 -134 -888 739 -483 780 455 -711 -503 69
-922 956 478 48 297 -610 -951 -162 825 867 759 575 895 -182 292 -584 699 975 928 572 -388 -934 -511 -733 -230 -698 811 595 137 -542 250 -126 808 688 -638 -785 400 -799 -897 970 -988 -534 51 -62 -384 833 -581 725 -999 45 770 346 -486 -207 -408 38 -233 -981 -191 737 981 -529 -909 796 536 -521 -504 -24 -573 156 759 -415 227 -58 812 -86 777 194 -353 947 100 -689 -848 -487 238 -496 605 651 694 -754 -476 -81 628 765 361 -252 -487 328 80 -738 -45 139 649 52 39 -919 -253 455 -676 0 421 545 -111 171 -158 -645
110 -255 763 -753 -476 -406 115 228 -527 -558 821 -219 -384 -499 -525 -307 716 820 396 664 -833 -703 829 -905 380 -318 181 585 700 -964 -736 447 323 355 139 -96 -558 -802 -553 -438 643 574 -445 94 195 620 -533 -486 863 928 592 912 -799 -808 -264 -758 -3 556 -39 177 424 -886 67 -494 -445 517 -281 -119 98 904 -66 408 873 -327 830 -374 -69 636 834 182 498 786 474 -150 -974 361 -48 -440 -333 -246 -60 321 -768 140 32 -686 -223 205 -830 -383 481 895 -9 1000 380 -873 49 -561 -966 -351 161 517 812 846 777 -371 74
819 790 -420 -310 249 161 -538 -432 109 -311 838 -559 -546 -132 -666 -448 141 47 961 -729 -346 465 233 -350 570 475 465 -342 -925 242 385 -439 184 -127 -25 -34 749 917 -856 582 557 -834 768 336 971 -411 162 490 673 973 437 985 678 122 -291 -687 -842 -245 -163 87 930 -113 208 457 830 385 532 -739 -849 708 -463 -997 780 181 -533 435 71 -355 -410 -230 -311 -771 991 612 684 -126 795 393 651 -683 -645 -398 185 -635 -119 -688 861 -423 671 516 -435 758 -876 178 319 -836 -570 -850 -642 -45 -383 855 -195 -388 441 -392 619 811
453 -339 -390 -287 -751 -516 -953 476 -357 -544 143 -548 -591 193 299 -520 926 730 -747 533 333 -144 -69 129 18 680 -542 807 812 -936 698 -975 150 -167 651 -870 965 157 -147 842 -672 626 -513 -965 598 719 -382 -452 -493 -154 -196 267 864 -360 179 -26 -851 -742 892 -721 -358 -717 -215 965 -319 -67 -316 617 524 926 844 -84 844 -601 -692 215 736 216 -239 99 -212 825 403 104 -582 849 -756 809 -756 23 905 441 481 -806 -494 408 -745 420 -654 -637 903 -667 824 -116 -104 -301 -373 891 655 382 460 -650 362 517 702 -56 -553 -262 79
-397 -774 -70 283 -565 975 -9 -91 -565 -417 -763 -569 705 36 -67 -794 333 145 130 632 -530 167 -602 209 -873 -447 -623 -608 -892 -668 -338 358 824 210 117 192 541 923 478 -566 555 547 -773 -84 -808 232 290 -708 -685 69 458 160 -782 937 552 -464 130 448 728 930 425 -933 -39 588 -907 8 -804 726 456 866 773 279 153 -99 327 781 993 -187 984 -300 178 -92 -903 926 -264 307 -811 264 630 194 414 904 -352 -48 -244 -137 -502 -438 -203 501 -967 -675 72 131 356 -496 958 -976 507 264 -4 -225 670 -257 -711 -228 -823 838 907 811
358 -241 -819 -613 -695 623 -539 -308 -426 -317 5 529 -554 -122 155 -643 -615 -307 -400 -876 -81 -485 -141 149 -371 723 -31 172 907 192 90 -304 -651 95 889 378 44 972 -871 135 717 -100 -319 -51 -215 -332 -575 -213 941 -579 833 46 -876 -318 -443 -390 -860 -861 698 -517 775 415 898 -541 621 926 -302 52 -540 -484 874 109 408 933 109 940 280 -421 244 142 889 -191 219 790 681 -285 -171 99 807 315 -339 -24 -394 -153 482 -220 -656 608 734 -998 -428 839 791 -273 68 -794 425 -473 471 546 164 328 -734 23 -371 -214 -601 -155 -518 128 812
282 -390 971 -369 286 -464 179 -322 56 -135 685 620 -655 -805 734 915 -887 -930 -782 -261 -338 -753 -432 377 843 -579 -634 -166 -455 843 -280 750 349 -146 857 808 -186 -201 250 -978 -684 507 -650 -904 353 383 47 847 -59 -795 -190 -586 122 -452 469 746 422 690 -53 -755 -525 930 995 778 290 230 324 721 602 85 -964 616 -307 470 -361 -188 35 -274 223 -371 -272 -624 812 735 764 -617 -416 -620 -465 -743 -664 647 182 -566 -877 -970 -474 -97 138 -443 449 346 -179 787 -850 467 789 -187 324 193 -251 -624 757 -813 287 -978 -726 46 93 300 630 -44
209 177 -493 -507 -800 128 893 835 126 627 3 727 -41 23 915 -311 -323 112 609 585 216 -480 -569 -301 -11 303 404 -606 -400 540 626 -832 58 -285 -276 -11 -287 139 939 -124 -567 -636 764 473 666 -94 -931 440 643 -447 -371 96 488 -282 -32 768 -359 823 146 -776 854 -740 16 895 -107 -891 718 -536 -454 -209 -469 -555 -835 -348 529 -225 724 -962 326 -624 542 310 83 -100 629 942 -749 -60 -123 476 888 -106 -826 690 -652 657 296 -39 435 -901 -570 156 -299 -918 -243 -337 859 -969 323 -610 466 -946 885 -287 964 626 -702 -946 -139 -418 852 989 829
639 714 59 34 -581 60 -186 -750 -101 -988 -616 -457 499 -924 447 -508 138 -423 297 21 103 -743 98 956 -213 -76 -461 -521 699 61 440 -871 -765 962 -915 -413 -411 405 477 -929 1 850 -830 -86 204 863 -489 -781 52 -815 -297 -904 394 330 -902 471 -532 -646 -470 -750 -697 -94 -119 683 0 -255 -658 978 474 -836 81 -365 58 -393 -833 44 -91 969 221 -50 323 388 -485 -831 -443 868 377 426 -353 731 310 997 905 989 223 641 511 -776 -533 -933 -996 -985 974 402 597 600 -303 740 -104 -980 562 -266 764 -5 -936 -730 19 551 -448 -662 168 -237 -202 -332
-730 290 76 198 -131 -511 114 251 652 937 -219 -274 870 208 200 -418 57 -100 838 158 -364 819 -506 -252 470 564 -632 -156 956 655 -766 -80 497 609 484 158 878 785 158 -690 417 -766 678 720 661 368 -821 -129 77 761 -749 -561 -750 -294 140 80 -8 812 -220 93 819 499 -798 -802 -263 -585 971 190 -585 465 -410 826 -626 -589 567 -996 351 -162 -69 -309 -868 -796 -250 -365 -372 655 -633 -201 829 -435 313 10 394 514 -221 -656 226 288 -1 -285 423 620 -643 209 43 53 881 -221 865 885 -381 791 650 38 -995 889 -926 533 -163 -508 990 -981 -817 -362 -525
589 -478 -351 214 -612 660 692 120 421 -145 791 762 -866 -668 847 703 -754 -715 -422 808 -741 -831 -146 966 421 -611 -19 -386 -111 -587 250 834 -719 -870 -160 341 315 830 789 -976 998 -900 330 -248 620 705 -675 82 357 -168 -923 -39 -491 866 999 158 -757 -362 908 632 -956 226 -35 -329 293 -785 -218 -547 -655 -148 176 -476 260 -939 450 659 246 -239 94 301 -359 -755 -685 -382 171 406 556 -763 371 -353 897 398 679 -299 -959 993 -764 769 244 471 336 -240 370 -401 890 199 723 -29 700 -870 -400 969 -132 58 -520 27 746 -840 -382 883 -628 968 939 -567 297 753
873 -479 907 858 -47 672 821 -117 406 -652 208 -449 929 553 178 543 521 82 -939 714 263 609 -374 -693 884 202 -595 -694 161 -536 -31 -800 947 -965 -349 -820 615 -695 158 913 190 743 242 298 85 677 209 -384 711 418 -305 136 226 41 344 412 436 756 203 460 -31 834 884 -989 -144 -632 930 -369 -600 -653 313 612 163 502 -498 569 -791 85 -983 -315 -734 982 260 104 -276 -372 -632 -74 -596 -992 755 -527 -603 -448 928 -403 -887 857 233 -2 105 -188 -26 -980 992 755 -246 409 654 748 892 -650 -194 915 -491 -764 838 876 -427 -898 972 224 -231 199 -6 -934 -36
825 422 832 -406 330 -319 451 99 382 856 -251 -149 191 -533 377 -544 473 535 -427 898 685 334 249 892 -645 -690 -853 -336 -201 -690 -772 -84 -83 862 -50 -35 -853 -251 404 -474 50 681 -346 46 -531 -449 -784 638 4 -556 -752 637 356 -759 -232 -397 181 962 -391 391 -664 126 601 -61 -360 471 516 271 -857 -801 -245 686 818 94 -273 -290 -864 -613 -338 -246 -678 772 -507 601 -658 30 -950 -159 92 89 -356 207 -785 -154 -870 924 -862 -812 -835 129 -120 601 745 410 673 586 -690 531 -423 -862 -995 -444 -996 -758 711 500 18 -742 547 -878 -580 -865 899 191 -548 -140 -578 185
18 473 -638 -746 265 -782 -339 818 -255 -772 781 15 97 810 924 -261 455 196 -349 -754 -334 71 801 643 -883 531 -81 503 18 -419 687 -380 -158 648 -257 -250 836 763 755 -530 4 -282 503 -24 82 -233 266 -804 292 -924 44 -888 53 -609 292 973 209 23 601 799 -571 173 757 241 -982 194 -856 743 781 596 331 361 965 -924 186 -693 704 236 784 -76 -260 374 74 990 -195 -291 -321 -870 828 -948 838 40 944 675 -373 666 -81 -889 589 364 828 -434 977 -731 -81 -608 -56 -127 772 968 -291 -13 -559 -728 -96 -375 274 -721 690 852 740 -525 -96 898 -869 -316 -343 -760 302
-702 -879 157 -50 -503 577 -760 428 333 982 -120 -504 -825 -512 150 485 -305 563 -660 -28 -616 368 3 -202 925 908 37 930 -680 159 491 893 -523 -897 -394 -365 368 641 441 -875 390 792 -46 -349 -530 -413 165 -891 -197 -510 755 -9 134 184 -937 577 707 -852 -71 -495 -370 575 -490 435 -165 -435 -905 708 -74 -156 -786 -337 520 -664 679 258 -315 -71 10 -698 188 631 -990 -233 -527 -392 962 -380 150 -261 588 -683 -363 489 -528 143 603 244 224 -97 479 71 659 -723 273 932 -4 -740 -837 -832 919 -446 -777 996 650 -329 82 -216 236 77 -545 831 -650 815 -794 -731 -442 74 800 -393
-812 -478 339 -150 -973 968 928 731 -679 -997 -505 -326 873 -898 666 -162 162 -677 -8 -259 -955 -540 30 -281 -371 -71 -853 -890 -563 -641 907 -339 168 325 100 957 -948 -477 52 977 -952 -102 823 -587 437 248 -134 -47 -26 749 174 -790 -651 -854 579 -371 -384 464 -308 -329 -463 449 234 -473 612 565 872 -980 -22 -403 -297 -19 343 -592 -210 612 375 384 324 78 -39 546 -679 -484 -452 256 -216 -504 -725 641 -361 -311 304 -835 935 693 804 42 606 827 69 -596 -976 847 -909 -784 352 -871 -904 -517 815 -858 -127 -52 997 355 -421 -713 -968 232 -411 -468 -344 -112 -71 -282 623 -763 -312 400 -723
-952 -853 -346 263 -125 -528 768 -907 -701 -953 958 -490 761 -941 -334 -783 -176 -360 471 -52 548 -255 696 918 262 -440 -579 -978 915 -617 876 -884 311 873 -194 875 -149 116 -605 -692 -40 -520 946 616 497 -672 -783 -461 80 -749 -273 -72 871 635 -685 977 235 -741 571 -954 462 282 280 -650 454 -301 -357 -763 -197 -521 -158 378 901 918 853 -282 -992 -178 35 -499 -38 799 -584 -91 949 -977 435 -621 -41 -780 -395 377 -18 443 263 268 438 330 822 901 -146 -782 -826 488 825 837 -471 -325 -271 -193 582 -825 442 695 264 -187 -887 -234 997 398 357 541 790 641 392 -881 -216 -633 -589 400 -988 576
550 502 550 -899 282 -196 -919 569 1 -467 496 256 -476 -88 342 -207 -168 -378 61 -746 240 -245 522 -559 -629 978 -845 280 -145 -407 623 -905 -136 -772 -91 982 137 -89 -303 -458 645 586 -256 510 793 -111 -390 -848 -199 254 839 280 -762 402 353 -729 200 812 -187 362 -32 -445 -229 603 -251 -610 -82 -595 -984 44 156 -192 -617 224 -469 342 -937 15 789 -465 -456 940 21 641 -712 -500 590 447 56 -710 -240 -908 818 747 99 898 562 -292 464 -692 509 -321 -84 913 575 535 -134 -805 -787 -726 211 -158 -1000 287 -402 953 -535 -801 384 967 -669 -4 -870 -179 -2 -170 329 -937 547 830 357 -372 780
-94 -978 -141 -849 -664 -134 690 212 638 709 -817 508 -646 773 976 411 -842 339 -975 -922 -390 -655 237 697 792 638 793 -39 924 545 936 -451 105 -63 809 587 206 -676 -936 225 111 421 -46 -24 548 -827 650 -815 -934 -797 -151 997 -781 -563 -67 -935 -193 -564 -608 -809 -738 -984 209 -372 -885 399 312 -774 768 -909 802 -410 -692 248 -985 -171 631 -954 -496 -111 -980 222 875 484 845 -608 -814 -350 -134 -171 -221 -26 203 -138 968 971 -933 -124 105 929 -207 -883 -157 62 973 703 789 56 798 861 407 486 -497 -982 585 -48 -472 413 90 -758 -153 -635 84 -923 630 540 -644 -680 -117 -553 -858 -798 602 -181
-755 247 268 -774 217 226 -284 -998 188 -507 -355 200 542 -741 270 862 -723 526 561 -378 -646 43 -126 389 -174 -164 139 -463 704 187 -654 -341 -722 446 157 891 291 -82 8 504 721 -796 967 -392 -587 -956 873 207 1 -838 -974 -338 -100 654 -777 224 -388 -154 -589 380 901 921 -976 325 -37 -909 914 826 -212 379 -58 -722 -287 -958 600 -350 998 -148 -894 -670 -889 -593 -794 -687 -291 380 -947 -68 551 -608 -374 -498 655 196 -591 -936 401 13 -517 639 938 -676 987 552 -951 -347 633 125 -218 517 516 112 -855 350 -232 -516 -328 812 581 842 469 -220 670 -799 -869 421 185 -779 620 656 410 106 -817 125 -371
-643 -650 521 -22 370 548 623 350 30 858 628 -517 -64 -432 -926 -835 -513 -406 -956 -343 -632 395 -287 584 187 775 70 715 826 179 -187 -712 -167 143 -522 340 679 795 0 134 -792 76 -290 587 -73 -329 -5 708 174 -268 -982 675 -792 -617 728 -375 -403 605 200 -854 -527 106 838 -563 663 -71 -941 -99 708 418 787 -551 802 662 -281 -571 916 -124 -892 -187 158 -831 562 934 -411 243 -846 159 -332 -655 -47 316 -336 529 -108 -710 -661 149 -266 355 -172 638 -231 910 -688 -685 15 -1000 -361 -673 967 -541 -986 99 744 -454 64 843 -707 228 675 -606 118 588 -580 638 -477 889 292 -217 268 -590 118 138 -924 506
208 226 166 -481 413 657 -402 505 -564 -82 530 987 -877 294 -472 -579 273 -795 -342 -644 -868 -532 194 614 153 -349 810 754 -374 -612 574 635 -468 -262 -768 231 -315 137 987 297 223 967 -47 572 727 352 -461 553 475 695 300 -530 643 -95 552 690 199 -544 951 197 546 -44 707 982 333 973 -879 -301 -773 -896 -318 -569 190 53 -141 -590 753 -148 818 127 -379 -987 -533 -152 412 -574 -563 717 -882 -636 -819 -143 478 49 -344 463 -121 988 33 -33 -551 71 -964 716 975 -531 993 977 -911 -131 -568 21 359 -914 -943 -771 -259 -140 795 -471 -918 -636 298 343 254 109 429 546 168 98 -56 36 -121 -974 -249 -425 -315
-737 -481 323 376 -786 -474 502 -973 597 732 702 406 822 -86 -666 114 918 898 -571 568 -911 -949 308 -785 -34 -818 -836 559 212 643 -748 718 209 217 -151 169 -84 -151 528 582 -419 542 630 557 -986 -743 -444 822 279 113 -346 136 316 301 968 -791 -234 -167 -813 -356 -456 -712 967 450 -898 -858 -396 -69 -597 90 143 -894 977 802 -208 -475 -259 556 -769 103 -508 -359 -491 186 228 239 -951 747 -507 960 -925 12 67 241 174 -87 -821 -568 127 825 -82 -271 639 -754 856 228 -240 -10 -365 907 -366 837 -986 484 -665 -192 616 28 -161 822 -713 527 -481 432 851 110 7 -65 -928 537 135 -462 -863 457 766 -199 310 -483
-70 831 -986 262 687 480 -696 926 185 258 -860 973 -883 739 -757 420 472 653 121 -97 330 884 -719 845 -677 -826 184 457 -262 -157 -893 865 756 16 956 759 -864 -92 287 -845 329 572 -825 495 -340 -111 481 -587 652 -421 371 -496 369 135 -893 -815 404 10 594 -994 -375 491 -984 -259 725 378 -804 464 817 -991 -164 -151 -45 845 784 -570 283 -923 -800 669 820 407 580 251 -522 -895 908 892 -625 711 708 856 541 265 -961 285 369 695 -424 -85 992 46 -683 -777 -209 150 -402 745 245 49 -392 871 -225 -412 24 -335 -792 134 -71 -785 599 331 -732 515 -958 -846 742 -558 46 -437 504 216 -267 991 326 947 -459 528 268
-370 286 -977 -53 265 475 -6 -448 -581 563 -664 955 -883 248 481 -158 -388 -613 254 -461 823 -756 -730 -293 -375 -531 -786 -202 22 -693 -383 -495 -980 73 -611 -765 73 -907 -566 -932 -13 -174 -476 -125 517 -514 353 643 634 -160 -396 638 445 859 -274 642 -969 -151 -630 52 9 866 670 351 -439 468 395 -123 -686 220 233 -805 -624 999 332 -942 -890 729 279 -970 14 136 -135 -753 -94 518 -43 579 202 -480 -176 234 491 -615 -302 997 138 690 -709 -607 494 238 -865 128 -386 -461 -299 911 153 355 -391 -8 529 -231 797 -211 -65 -495 -59 181 473 123 447 -846 433 436 -332 263 20 -527 -6 -97 -678 -840 806 -145 483 -251 -484 -712
132 143 363 -601 -867 174 -789 496 705 -789 -524 -448 -357 -766 110 -571 204 818 -643 483 507 -562 -518 501 -15 803 -591 -294 -299 -138 -22 -511 -953 -413 -469 633 -487 -826 79 -161 36 615 996 586 -804 463 814 273 84 -895 554 262 -773 28 878 257 340 -897 -427 22 -219 -257 -773 -206 376 -373 800 95 -7 878 778 427 -71 577 -885 -579 -966 986 -995 200 -694 -290 299 107 95 -675 67 -586 -238 102 437 255 -42 -152 468 110 -914 422 526 -38 962 464 -943 939 -659 729 744 996 346 -834 423 678 -898 663 206 -723 -517 -726 -435 -276 731 -436 -730 -50 629 -600 454 -495 -588 966 -36 -85 -106 724 -121 350 575 233 -542 907 -638
-468 611 886 662 857 749 -371 643 604 51 744 234 -603 689 262 -813 -324 148 691 226 449 -677 -917 511 -117 7 822 323 -78 983 -744 -622 -58 442 -92 579 -851 232 84 814 319 -664 42 -741 684 994 943 -543 -487 -672 -235 -609 725 -779 23 -468 990 82 560 -652 -406 -692 -42 4 -325 -922 -301 206 386 -821 109 618 516 466 450 -550 265 -884 668 959 -762 -541 648 338 -645 13 762 173 374 -365 -380 -983 -992 -525 -330 -386 739 -927 990 -183 -874 295 -380 -446 -614 930 358 -742 -936 827 -378 -187 -924 -669 967 546 -829 491 -366 310 293 -4 312 275 201 326 379 148 -520 827 914 263 -527 517 -626 -465 -834 -734 170 -780 -141 29
-190 129 -943 -297 -403 -284 294 896 445 727 -599 195 791 -997 593 81 -657 -546 -944 930 993 -890 417 -965 -352 698 -213 -211 220 -742 425 -864 84 738 -510 938 -808 884 271 142 -384 251 927 -785 62 289 149 483 -654 -282 143 822 -601 732 988 852 -382 897 183 738 425 -874 -664 712 46 -711 528 114 -658 -658 -767 538 907 525 -604 377 907 -89 898 -158 315 925 -2 -928 138 650 -234 251 -585 479 164 807 -991 83 -993 552 -867 -359 -505 -939 -944 -290 941 3 783 -335 751 680 292 -55 -173 795 567 716 -927 -288 -355 -487 -465 -70 767 -51 246 374 722 -379 463 -851 -857 -730 876 -895 -534 932 -347 -572 273 -942 390 -445 -406 -648 -897
-204 443 -91 -595 795 547 602 -357 -618 -51 -594 437 -651 -15 -989 660 739 67 254 -1000 231 699 -413 871 5 546 -170 45 -274 -308 736 946 364 -726 564 -779 -13 446 -531 755 -463 664 -982 -387 501 604 -489 457 207 710 -147 83 -559 166 -554 328 -882 844 801 -681 -295 791 209 -259 813 -590 -847 750 -395 -773 -597 -451 213 -375 -303 -23 723 -217 116 205 162 153 -552 262 575 934 -365 700 925 238 741 -252 824 560 168 -491 -753 -742 -775 -766 314 766 -30 -426 -770 -708 761 291 -349 663 -234 960 -164 450 177 -454 -193 -434 796 825 -929 708 408 -579 -808 737 -794 -851 -356 751 -286 176 -18 -598 658 743 -729 345 249 -14 -135 -653 442 44
-472 -251 112 -313 -845 612 -217 319 -930 -814 -378 -782 -482 -921 -217 382 974 799 579 625 805 787 485 -907 -990 -41 416 -234 125 -414 88 561 314 -859 766 -575 764 981 -243 -940 -926 215 -73 689 878 -573 90 -834 -330 219 722 629 53 286 520 -934 -446 232 963 93 668 50 298 835 -316 -130 -747 -798 -736 585 563 -793 111 946 879 444 -53 -389 716 -476 705 475 460 726 682 285 -430 -265 -336 774 798 754 545 819 220 -27 -457 254 -179 -433 425 -338 -306 567 -64 -94 -876 -497 481 -479 -516 947 -697 823 -359 588 653 -405 -878 -885 133 820 -951 -844 -206 257 790 729 -324 123 502 791 -252 275 -656 -105 786 5 818 -837 137 416 979 31 656
146 -909 -573 -749 403 -632 -333 -733 -263 -728 684 -43 671 852 257 -383 -258 -23 -399 193 -731 -406 575 518 -977 -994 565 76 -72 333 -986 158 966 -995 -344 723 498 -548 -818 277 973 757 303 338 -661 -66 -678 -800 622 911 100 -535 -169 513 798 -745 15 1 159 -400 475 276 -552 524 -106 -958 82 -772 -86 -894 -376 -856 866 -391 620 724 600 62 -965 780 79 -101 662 468 224 821 318 -465 -914 720 438 -175 -698 -892 -393 608 790 932 895 -904 578 -859 361 424 193 -37 877 -795 427 -919 -727 197 2 763 -444 -644 -238 -565 333 -527 68 279 250 782 13 867 -309 163 575 -479 -294 178 -876 468 -584 -902 -767 -591 -750 -61 740 -140 798 191 -186 -470
362 -239 -332 -578 -422 75 404 -722 44 -428 968 -4 945 -286 408 380 -990 257 -262 745 323 -379 -506 527 188 724 -742 72 908 680 650 263 172 -843 909 447 511 501 -645 -9 94 420 -907 154 177 -83 -550 27 -894 -188 466 -933 869 918 768 -902 271 348 608 286 -220 721 650 -634 679 -905 -783 623 593 146 471 -631 234 -703 584 -173 177 944 687 881 -301 -273 182 -173 -970 -15 -361 -823 -245 82 273 -677 -40 -406 178 -986 -19 -649 791 -930 -998 479 788 472 -569 -744 407 -689 261 -600 490 -515 -196 -727 -343 -618 -485 -83 344 -315 -460 332 -182 767 621 -356 315 533 547 390 991 120 517 208 -315 -366 41 154 447 259 -591 -711 -960 488 -471 201 -282
805 821 372 386 632 186 147 -352 -247 -634 101 76 -971 698 -549 179 -704 101 517 -287 -379 -588 238 157 -600 -145 -957 991 -806 -92 -269 270 436 -978 -94 -842 -697 923 -264 649 -954 955 329 632 -295 -6 -45 -120 -688 795 606 515 -429 -596 357 -238 789 206 820 -97 -172 18 742 -395 -111 -554 196 -743 328 -737 988 995 -943 -123 955 -640 -664 77 -566 581 -629 502 355 -354 -66 439 -330 276 -544 679 -107 -261 -499 -13 347 796 -175 -171 -397 -731 565 -445 209 -158 -647 -154 896 536 494 -968 -819 -977 847 -47 520 -656 -111 57 -554 806 -582 242 389 -288 -425 431 740 -241 -465 184 -978 -31 -126 963 828 231 -690 443 -642 -95 66 -280 -227 -146 247 -882 -343 642
-521 -545 -160 560 958 143 180 -608 793 -894 -145 542 -288 104 441 -928 60 911 -79 -609 -575 -467 354 -210 346 -51 -405 239 -487 -318 -709 907 -578 -698 897 509 62 71 994 374 86 360 -987 635 581 84 785 -852 254 573 -62 -229 -991 701 919 -137 597 987 -997 942 -385 146 98 41 278 650 -628 717 190 -354 -492 -883 106 -943 196 -828 -135 931 126 628 -2 -774 -637 -733 340 -869 -186 556 703 -678 458 382 87 -394 891 908 -33 477 212 -486 -296 354 -235 -948 713 302 233 -668 -192 667 406 -714 897 -634 602 -11 -613 -223 622 -562 -477 -37 49 -698 974 19 -884 414 967 684 -323 -885 -932 93 -465 892 -355 817 35 -918 368 421 -853 677 -598 842 526 -64 -741
9 -616 397 -124 265 -224 70 -670 465 -947 -138 246 -805 994 -863 -807 -83 -276 58 948 -556 -736 269 522 112 432 -26 -356 -604 -93 45 436 -284 687 -16 491 -249 602 -385 500 -670 -8 71 -186 984 444 -179 -971 -599 -849 -80 297 -90 -161 -308 -168 -606 619 472 915 -231 -826 -334 576 -881 -153 -424 -376 -504 -994 31 -966 -839 -850 -428 -385 294 757 25 987 -706 134 912 -63 393 96 -678 532 -683 721 269 -950 -282 718 -468 941 271 243 158 202 -564 -833 536 -246 -315 50 483 169 -166 979 -445 803 -265 -309 248 179 -200 220 -349 -605 -324 -290 -666 454 33 604 400 811 233 853 386 544 422 665 -938 846 36 748 -938 -493 671 -235 920 -82 -384 34 994 -399 999 -387
-789 371 -501 -225 189 370 -644 -459 446 282 399 -303 -149 164 532 -381 87 154 737 366 -126 -343 756 896 -134 -161 -408 422 -700 -413 185 -479 -131 442 308 332 -770 493 655 -998 917 -593 383 362 205 155 -352 206 50 995 428 331 658 -227 197 -51 323 -549 -332 18 -808 937 809 -483 51 -529 -249 -620 -975 498 -906 199 584 53 866 -715 407 364 -163 -935 403 609 -165 160 897 387 767 -262 74 -583 155 990 274 435 -829 659 399 91 -506 674 -166 -941 -104 914 883 690 651 -332 581 867 545 224 281 -25 -470 -239 -439 341 -981 897 473 -404 264 856 -159 139 921 387 -971 676 173 -298 922 -479 736 -537 -468 876 -306 383 427 -475 486 264 374 947 -284 -741 989 -380 941
-402 980 322 -109 -160 710 880 -985 561 914 -554 -284 314 -337 -364 42 385 881 -836 -810 -54 -456 -904 680 -642 -692 -698 -695 475 -319 371 -756 741 -359 635 -845 -374 -947 -876 -655 -734 860 -576 608 -835 -127 798 666 -753 609 -819 -518 -629 834 595 -516 -772 -267 -678 -691 -718 941 168 751 780 589 458 -633 -627 -413 524 938 -22 677 509 927 -687 458 900 475 948 -710 -992 -324 276 465 24 -903 -850 -567 -187 505 790 -664 346 -125 -17 241 320 821 300 -1 -157 -893 -704 -904 324 -137 -421 -886 -72 -120 -500 -556 -324 -889 -649 853 95 892 -998 -80 389 615 -713 252 -33 -96 -812 -873 -142 -575 -345 214 655 -551 -427 293 957 -618 -20 86 -1 282 167 -56 134 -676 -186 996 -346 111
-210 -481 -394 450 835 -214 508 -354 -911 94 -254 670 187 656 -134 -922 712 -393 805 -454 356 -357 -118 452 943 499 904 172 -680 723 946 -788 -141 -551 -144 -672 -16 500 -372 211 -340 -99 669 -552 16 -719 151 -84 100 389 117 542 -40 113 980 251 -206 80 611 -493 -261 133 -396 -893 -5 857 -728 -643 -958 325 -859 161 -53 -242 -721 874 353 -934 899 -308 791 152 541 -674 360 647 -837 828 384 311 -111 824 590 559 -603 -737 218 -520 650 -210 -607 911 -983 162 -447 533 384 -945 -442 527 886 464 -365 -547 -905 886 155 -431 208 867 -673 157 578 -522 304 -552 -201 918 -62 -544 -29 684 -337 -32 -648 471 -178 -527 187 151 365 -355 -667 -110 153 193 602 425 614 638 -492 898 534
