4772
45 2
90 96
87 90
75 62
78 55
2 83
26 25
23 19
47 4
14 83
65 62
66 79
26 91
66 84
65 75
46 60
39 67
53 97
73 74
21 27
5 23
27 67
16 86
15 4
50 75
87 0
31 33
85 62
75 53
43 93
15 10
67 30
97 68
57 48
42 57
96 90
30 50
16 26
37 15
71 100
70 77
77 70
27 13
79 40
22 21
7 0
19 93
5 90
97 97
60 13
40 22
20 44
11 37
34 61
16 95
43 70
11 19
3 45
11 86
10 68
15 44
34 30
80 41
20 90
28 14
34 57
19 8
59 87
93 33
55 84
100 78
91 74
30 30
89 59
13 74
59 24
19 18
13 16
17 8
41 21
79 6
16 90
43 6
47 50
55 18
67 11
43 75
75 37
43 88
75 74
61 78
16 91
14 3
85 26
11 56
97 90
36 60
30 86
71 46
19 41
48 31
94 65
10 100
73 87
13 92
47 85
20 33
14 46
65 15
63 61
88 27
81 83
0 94
77 92
62 83
56 60
33 38
48 33
3 6
82 51
51 21
53 55
51 64
70 57
61 22
93 92
62 94
44 98
1 90
94 94
71 82
52 36
24 1
53 48
76 11
45 76
85 69
93 32
52 51
21 50
97 56
39 32
13 47
89 56
19 88
15 9
24 66
88 63
55 27
90 60
65 8
29 22
21 19
92 27
65 81
45 68
14 85
89 31
38 0
1 74
77 60
48 51
24 76
1 25
19 39
75 60
7 13
65 1
20 22
22 33
21 35
40 40
47 55
58 14
16 84
10 76
21 98
6 70
59 11
100 12
2 33
18 5
11 21
24 6
94 71
12 29
53 83
66 80
19 53
47 25
7 97
100 18
18 35
17 51
11 74
90 55
9 8
40 42
17 47
69 82
76 24
40 92
4 70
16 51
7 35
17 57
53 79
60 12
11 44
86 61
30 17
72 89
4 19
52 67
55 38
77 14
26 76
46 91
71 4
97 67
94 20
83 18
4 62
12 15
93 86
47 42
12 4
79 82
86 38
84 27
13 98
52 86
40 46
55 8
46 64
71 79
15 34
39 6
68 49
39 62
60 89
24 8
3 53
26 36
73 25
51 86
15 51
18 100
13 11
85 12
0 5
56 66
28 77
84 87
88 70
43 67
95 19
45 21
87 18
67 85
44 16
87 99
60 10
96 77
24 10
2 37
74 24
48 98
55 57
52 32
97 20
2 17
72 88
3 56
51 54
29 21
12 73
38 44
46 66
27 21
70 59
73 8
95 82
56 98
25 52
4 63
31 99
78 80
100 92
63 85
46 12
66 51
20 4
11 17
35 63
99 17
56 43
90 94
65 20
6 78
4 38
18 21
0 26
79 21
34 9
20 59
56 69
44 19
89 14
46 70
70 82
59 16
34 100
55 15
46 46
8 54
5 6
2 10
57 90
19 60
63 42
30 46
68 28
80 30
96 46
78 74
44 65
85 45
25 14
99 3
24 100
38 18
66 56
93 22
30 87
33 34
53 67
95 6
83 34
11 24
31 50
48 6
38 94
44 4
8 59
48 25
39 96
53 50
50 85
64 6
45 19
52 48
82 13
44 53
93 62
60 25
77 65
61 28
12 69
69 26
96 93
3 13
61 100
3 11
76 98
83 87
9 10
65 10
92 78
79 76
44 32
80 37
73 69
62 18
66 96
46 47
40 14
23 84
74 4
88 9
11 64
82 16
50 91
12 11
8 86
38 50
71 80
57 88
93 23
12 70
81 55
90 28
16 21
48 14
94 0
88 84
10 74
89 65
48 71
48 77
90 22
41 13
93 58
96 8
88 49
73 83
7 9
25 63
88 90
67 82
84 90
61 88
93 79
25 25
94 43
60 54
5 21
17 94
33 35
3 84
90 82
96 75
53 31
74 30
92 84
44 13
79 91
70 79
77 82
74 5
20 50
2 55
78 16
91 66
52 13
51 37
14 82
34 15
88 80
74 46
8 91
40 59
17 96
56 78
87 81
89 49
71 13
91 71
6 37
44 93
86 44
49 81
30 77
85 36
28 92
33 58
48 44
74 31
14 41
68 43
39 29
84 80
59 52
66 50
55 23
48 7
68 16
4 54
33 43
63 88
92 52
95 41
40 95
79 44
17 48
44 94
89 57
18 26
32 90
12 44
22 100
17 52
37 77
9 55
77 96
54 15
4 47
90 17
46 84
89 62
78 49
50 20
84 9
49 32
3 64
14 77
92 42
44 30
37 58
85 18
52 94
0 98
30 32
30 81
91 95
72 29
71 14
63 80
0 71
50 99
92 48
67 16
13 31
88 53
80 25
45 89
76 28
4 68
61 41
22 3
0 35
55 46
19 32
0 69
47 96
60 17
15 36
79 4
83 7
77 4
45 41
63 78
79 73
81 95
11 68
65 46
8 36
4 42
30 53
20 58
0 62
41 7
23 91
85 4
58 6
8 30
75 86
34 4
44 67
10 75
58 17
69 99
9 36
14 78
80 94
66 45
11 23
75 44
21 68
72 77
64 94
36 12
74 36
13 60
0 9
37 70
49 62
28 24
60 32
12 1
57 77
98 7
58 42
71 87
22 98
95 13
37 91
41 17
5 71
10 22
11 10
51 6
10 89
89 66
91 13
45 69
52 89
22 5
2 88
89 76
74 26
37 99
84 56
91 2
76 10
78 24
19 91
89 68
46 50
38 61
86 1
7 86
82 46
67 90
26 87
15 32
33 41
88 66
6 8
78 4
57 66
17 79
29 37
78 48
73 47
97 6
1 23
96 31
72 75
55 6
33 93
53 44
91 61
55 63
86 72
75 78
95 65
40 63
93 11
60 1
27 19
26 46
80 47
2 75
3 81
80 1
92 14
52 15
15 26
47 44
88 29
94 37
96 95
76 88
25 2
38 13
79 96
89 3
94 97
22 56
6 97
10 50
79 18
42 38
15 92
75 87
30 63
88 83
86 11
64 52
12 99
85 10
68 2
18 40
37 18
71 90
45 56
72 3
74 42
23 37
56 89
1 86
55 20
41 29
63 44
84 96
22 24
51 41
10 90
87 5
12 97
69 63
82 57
78 29
45 7
76 94
71 68
41 10
74 1
20 64
54 10
20 65
8 64
85 29
97 81
2 21
65 25
8 35
28 97
97 48
40 9
42 11
64 14
68 15
34 66
86 15
87 43
82 31
89 20
15 67
47 9
16 54
30 23
44 51
63 8
84 67
10 21
12 25
54 20
9 89
8 17
63 25
51 63
96 85
0 7
7 2
5 91
68 18
83 68
99 76
77 75
75 29
93 52
81 59
54 94
97 87
52 12
50 89
58 18
76 77
65 45
0 34
26 33
89 69
60 34
51 68
78 64
58 62
66 21
42 90
57 62
6 3
30 24
58 100
68 50
39 38
93 75
66 53
21 73
87 33
93 95
37 73
45 31
11 63
40 53
53 27
56 33
64 24
86 26
92 37
77 29
75 4
60 86
3 40
82 27
98 54
22 53
84 32
48 24
70 24
20 86
57 39
89 19
2 44
53 49
95 27
54 8
48 15
68 65
19 0
98 56
38 59
36 50
26 97
39 34
54 24
90 44
68 70
86 89
26 4
90 39
36 42
53 33
28 81
6 25
64 70
31 61
92 16
92 10
23 38
66 24
7 100
49 99
29 82
36 8
100 82
33 26
53 68
22 30
24 96
30 71
45 26
81 30
18 50
66 12
49 100
84 84
28 45
39 15
96 15
68 23
87 100
48 1
20 80
52 52
89 38
80 61
24 97
82 28
4 53
70 40
85 66
50 53
84 62
81 97
42 100
5 47
73 60
47 17
26 66
21 75
66 65
13 18
52 83
37 92
93 7
7 50
44 37
2 8
50 71
93 69
93 88
2 80
90 59
9 91
75 85
73 20
15 88
56 5
4 10
64 71
77 51
60 65
60 80
60 92
62 81
33 52
19 84
21 69
8 98
94 9
100 26
87 79
27 18
29 83
98 76
62 92
100 9
2 39
23 48
40 5
73 97
42 20
86 51
18 80
56 36
77 18
54 89
75 98
34 35
0 50
74 20
42 54
94 78
65 36
25 38
49 8
2 53
35 64
21 52
54 17
20 5
2 3
60 45
38 53
37 6
10 95
49 29
12 37
80 10
25 43
53 45
35 61
21 87
14 29
90 1
8 90
30 55
64 9
48 13
31 56
32 55
62 85
39 54
66 97
46 96
77 28
10 36
62 98
87 97
59 21
93 68
99 16
68 22
97 61
67 70
63 6
16 18
91 44
100 1
87 73
9 33
78 51
35 43
25 16
90 40
5 51
75 51
49 75
22 6
73 68
63 43
66 38
38 78
14 54
42 66
74 43
83 51
55 5
88 2
43 68
39 50
44 79
95 56
97 14
83 54
60 20
53 99
27 84
90 81
97 80
56 14
7 27
56 75
8 60
77 63
61 1
19 94
86 56
82 99
11 73
16 78
6 100
61 17
45 90
77 30
78 12
61 56
79 34
65 86
23 47
100 72
20 24
47 53
88 25
87 48
8 89
17 73
39 71
12 42
0 85
3 23
58 56
41 32
56 51
95 55
99 77
50 18
7 91
10 46
19 13
74 98
10 4
73 12
10 12
63 92
13 1
7 53
94 69
36 22
62 33
50 86
62 97
37 10
53 19
67 93
27 23
71 89
68 89
37 43
30 44
12 63
40 54
54 76
66 64
75 20
8 58
81 78
14 93
47 88
5 84
19 89
74 81
1 48
24 93
58 82
22 97
81 96
7 65
75 81
60 23
27 15
10 40
72 91
66 86
88 99
84 18
31 13
30 66
1 72
50 9
97 2
83 5
93 54
6 76
4 20
25 30
79 79
65 88
1 32
67 0
25 28
60 72
27 100
74 86
45 15
78 72
74 68
91 11
37 53
35 76
27 82
37 84
29 14
17 41
9 15
97 16
75 13
77 19
93 51
14 24
13 58
42 51
53 91
84 39
97 31
63 2
49 36
44 7
38 21
18 58
44 60
11 53
41 64
17 56
68 51
55 97
35 92
61 96
35 6
71 11
48 29
80 87
94 46
23 15
68 62
58 92
5 85
24 20
56 13
83 58
38 39
77 68
40 99
53 3
98 74
5 39
95 29
95 21
90 37
44 78
48 9
41 37
29 27
82 17
17 80
26 28
23 0
99 88
53 56
19 12
27 57
52 81
71 81
33 11
19 1
40 11
15 94
34 80
28 13
84 58
65 97
34 48
95 83
10 32
34 52
85 5
87 14
51 32
8 41
92 24
92 17
83 8
36 21
42 93
1 60
41 81
43 34
8 24
11 85
90 91
47 30
62 27
86 27
53 10
12 88
30 34
15 68
87 51
14 86
10 31
73 95
83 41
31 8
69 3
25 35
21 9
69 66
45 84
30 38
55 21
95 28
50 54
70 52
62 51
6 29
73 21
31 36
64 81
13 9
45 49
62 12
72 100
0 73
72 60
69 47
16 15
99 91
28 21
32 42
93 34
39 18
25 23
83 69
37 55
77 32
96 36
90 50
35 65
33 0
27 86
9 2
61 18
86 80
35 45
98 20
94 30
77 52
88 100
65 38
8 42
38 41
73 34
40 72
22 82
13 97
75 45
80 7
67 51
27 26
90 78
64 93
13 22
39 78
70 69
49 9
37 29
56 80
17 14
58 97
23 75
69 17
82 96
72 73
86 79
43 89
76 70
46 27
62 32
16 69
79 71
10 84
65 30
43 64
81 51
23 97
67 57
1 40
41 6
42 59
26 98
94 33
22 80
64 85
72 95
6 46
1 53
70 60
78 38
43 3
93 67
58 66
50 2
97 12
39 51
98 61
47 11
20 77
91 94
33 47
75 41
18 61
76 92
73 43
77 59
44 10
21 3
59 12
31 10
95 59
51 82
81 22
65 24
38 36
71 17
20 68
60 29
72 34
8 88
73 33
11 33
49 48
53 81
2 13
95 91
98 81
27 63
52 61
54 81
55 49
26 69
51 80
98 13
8 46
21 79
37 34
60 95
12 54
27 72
61 79
8 50
97 17
34 65
50 70
69 52
40 76
17 16
97 99
77 23
73 54
53 100
80 70
7 45
60 66
65 85
30 83
32 31
27 65
97 27
29 69
79 23
50 77
85 92
33 85
75 93
78 30
56 30
80 59
64 43
23 11
31 70
22 49
68 56
78 50
66 5
73 51
36 40
54 63
59 82
87 89
42 62
23 31
49 17
55 76
82 93
4 51
79 52
93 6
43 26
26 86
10 79
56 25
81 36
26 23
83 9
54 53
92 59
5 28
23 24
85 40
41 28
22 19
58 74
4 73
24 36
17 63
85 27
61 19
33 86
59 95
43 81
54 26
46 21
98 99
19 11
3 20
21 5
4 75
86 20
93 49
65 77
29 50
96 96
79 87
98 23
51 67
89 41
21 97
38 32
66 49
84 83
15 76
59 6
56 72
85 24
77 27
79 27
74 87
16 89
47 67
43 95
39 23
26 82
8 72
33 50
54 48
19 42
94 45
58 55
48 27
71 47
75 2
50 90
47 54
96 64
45 46
66 29
61 35
84 79
55 73
98 59
81 80
33 20
15 77
62 13
11 75
17 99
39 58
37 48
79 10
72 96
3 99
8 18
18 15
36 87
89 16
75 63
9 92
87 36
83 94
43 96
64 13
10 96
90 58
7 5
47 39
13 100
41 33
38 93
51 72
32 22
3 74
43 13
67 4
52 10
0 23
84 40
88 45
45 77
81 65
27 44
71 40
47 73
99 19
89 86
95 20
12 21
59 27
2 74
5 80
58 58
18 65
84 92
63 84
98 94
68 52
4 97
61 49
50 19
17 39
38 96
93 3
25 45
35 71
22 58
96 49
78 83
36 34
33 10
84 1
29 48
45 61
53 90
55 9
40 60
34 63
90 14
84 91
34 98
31 92
33 5
34 29
49 52
100 60
85 57
20 92
32 38
80 9
98 47
26 41
56 6
39 66
10 88
43 80
19 77
85 50
2 48
61 15
59 4
76 32
96 79
5 50
78 7
4 30
42 16
35 10
68 53
33 76
97 45
91 30
18 46
40 78
33 75
5 37
37 86
96 29
0 28
53 70
87 98
50 27
52 17
50 46
67 84
4 27
96 17
76 22
91 25
44 82
19 10
34 95
87 12
30 41
82 0
96 82
89 10
71 60
92 50
73 64
16 94
15 0
87 84
69 18
62 78
98 12
74 88
48 23
97 78
90 66
37 13
4 85
46 25
72 38
77 97
72 5
21 81
72 33
55 77
31 12
74 21
69 96
12 84
65 69
37 17
40 37
71 24
93 21
73 32
87 7
55 3
70 70
40 41
2 96
3 97
81 13
38 71
66 11
75 64
97 58
45 17
95 45
9 83
19 92
64 22
11 20
100 33
40 21
78 2
72 65
22 42
98 91
45 23
54 83
5 26
16 10
28 96
40 36
65 74
86 84
57 27
46 61
53 66
2 41
28 51
63 14
72 30
7 21
31 97
3 17
29 35
90 71
17 55
60 82
77 37
2 99
24 39
0 22
0 4
27 34
51 27
1 47
38 29
3 93
39 100
49 34
33 71
37 21
99 83
67 68
39 73
10 25
25 9
8 76
7 54
8 49
41 50
61 43
38 60
15 52
6 53
26 7
37 94
86 62
56 18
73 89
81 50
79 61
56 86
73 62
10 64
94 11
13 38
72 18
78 3
41 74
57 63
27 24
25 3
88 54
17 23
36 13
40 57
52 3
62 64
51 36
29 72
25 58
84 8
36 98
55 43
38 28
7 57
94 7
66 7
27 48
1 4
50 50
61 12
97 73
20 32
99 44
73 50
69 98
53 7
85 13
90 52
24 65
44 48
92 34
92 12
45 100
55 22
80 48
79 31
6 52
44 5
1 18
86 76
16 55
86 8
4 45
18 38
10 78
16 46
41 38
75 99
41 44
71 12
67 43
100 68
95 38
69 55
65 52
4 80
12 51
58 98
11 69
15 73
63 82
29 10
57 76
17 1
6 74
26 35
42 67
65 95
98 82
42 44
37 72
99 85
32 16
21 43
39 13
100 84
70 62
78 85
43 55
60 44
61 83
73 61
99 24
56 92
45 42
12 30
14 36
53 75
95 98
5 65
8 71
83 29
66 23
4 89
10 1
29 47
91 92
50 21
60 6
14 96
94 48
73 11
34 28
57 31
34 90
81 24
69 62
97 22
22 11
53 24
84 13
92 65
4 69
48 78
58 71
39 26
39 43
25 1
2 46
49 91
96 88
78 62
100 15
89 8
85 32
36 19
98 78
65 48
32 44
50 43
76 93
91 79
27 43
75 7
52 29
42 42
45 44
0 36
61 23
35 4
81 61
99 18
27 38
40 31
24 47
11 42
43 59
32 81
21 15
50 31
26 27
54 85
48 26
60 74
17 59
38 49
84 43
81 41
7 79
11 47
60 97
93 14
29 54
2 24
82 44
93 85
69 31
61 80
24 21
56 34
30 11
47 57
48 70
56 0
22 14
81 67
96 2
19 79
43 41
43 72
77 9
57 59
49 59
1 97
8 12
61 7
43 27
0 11
9 27
40 12
58 78
38 27
60 36
25 78
91 75
5 92
21 84
41 0
92 35
81 47
32 46
24 37
14 79
57 7
6 7
31 3
91 1
46 32
99 69
89 71
53 78
52 70
88 73
49 31
25 80
10 55
33 62
16 97
44 15
63 93
94 57
86 29
100 22
14 64
42 97
71 45
96 59
20 48
63 76
24 99
38 12
44 92
74 14
6 1
55 54
23 6
67 15
14 66
94 19
23 46
54 18
34 53
65 65
65 2
40 0
91 29
32 30
1 64
63 20
4 100
16 8
82 80
68 37
62 5
22 40
96 21
63 19
92 96
48 64
5 93
29 65
95 5
3 43
37 47
17 29
40 71
89 7
75 27
39 75
64 45
11 50
61 77
96 97
58 7
77 35
0 31
6 16
37 1
61 34
25 79
60 59
73 13
67 76
89 37
12 96
47 47
39 60
69 84
84 81
39 94
99 25
18 48
48 58
63 95
29 71
12 31
69 32
38 81
92 79
92 60
77 57
7 16
17 50
70 83
71 34
27 8
61 42
28 5
14 25
100 96
76 39
51 62
42 55
58 94
75 0
39 77
70 84
1 75
27 5
30 14
52 43
82 85
71 67
46 53
34 70
64 42
43 46
48 68
25 72
60 96
67 22
64 36
81 2
59 72
56 54
90 88
99 29
99 42
9 45
46 95
33 44
70 39
41 1
36 76
12 13
28 93
69 40
29 18
98 8
1 61
1 16
35 27
96 12
0 93
75 8
83 59
93 40
12 80
100 52
24 91
76 78
80 89
45 72
60 43
98 25
83 39
86 41
45 88
71 52
87 24
53 53
66 100
1 85
35 96
52 88
72 15
24 50
3 9
51 79
55 80
67 64
87 17
34 34
19 97
92 11
15 99
31 28
98 22
36 18
61 10
7 72
45 10
70 7
29 42
94 95
62 3
63 57
97 47
7 39
2 32
80 5
28 70
38 80
87 6
72 61
42 37
68 79
40 33
92 89
72 84
20 42
82 60
1 95
65 33
7 85
91 33
71 3
81 5
26 70
97 39
15 62
36 31
58 88
38 82
69 65
89 50
83 1
14 4
90 54
75 89
95 79
9 21
12 33
81 45
58 19
7 37
67 10
15 35
100 41
94 31
5 87
58 41
26 90
28 54
99 54
27 96
43 4
32 28
47 92
45 65
27 61
23 29
88 6
65 51
78 76
92 88
52 95
72 9
64 8
20 29
50 38
32 32
72 85
62 4
11 7
99 43
85 38
66 52
58 33
10 30
88 41
14 39
36 75
26 96
35 52
50 100
33 57
69 39
76 20
24 95
18 55
0 33
51 95
37 78
25 18
22 25
34 18
82 4
19 59
45 25
31 68
91 23
76 76
12 16
15 84
31 4
5 36
74 41
77 89
15 53
44 58
81 88
81 39
93 93
87 91
96 16
94 58
44 39
98 38
86 37
78 10
89 96
31 90
94 59
69 8
86 78
34 51
86 4
65 14
46 88
27 28
54 70
80 16
41 26
91 4
19 28
59 85
7 29
9 19
47 5
53 63
21 91
82 1
65 55
72 23
21 20
49 3
92 91
53 54
88 23
35 42
63 100
61 52
95 7
3 19
47 3
53 32
37 31
49 98
23 94
55 35
6 10
83 84
33 27
29 6
27 54
71 55
90 42
57 73
71 96
52 55
39 55
69 83
15 45
1 9
15 78
46 72
75 67
66 87
53 93
5 98
85 72
0 44
38 97
84 37
28 60
83 47
42 13
33 60
88 75
5 3
42 29
5 97
73 10
42 12
55 90
84 68
29 70
80 63
77 61
9 28
4 14
48 48
58 16
76 3
97 72
54 96
27 35
14 26
94 93
70 100
96 32
90 32
58 64
84 16
87 26
0 17
58 28
3 48
92 43
59 97
39 1
70 2
36 61
82 97
88 26
93 87
69 78
1 15
34 37
72 93
30 75
63 27
39 11
27 73
24 40
85 59
78 36
90 47
93 57
2 11
16 23
44 6
48 86
14 92
28 53
93 64
72 6
72 27
65 71
47 84
26 24
28 17
41 54
4 58
32 52
70 34
16 27
72 58
10 23
42 39
77 86
42 30
59 62
64 79
90 5
21 22
64 30
79 98
62 54
89 95
30 65
64 51
31 71
7 87
60 88
4 26
7 22
3 8
15 95
67 44
34 10
39 5
14 70
86 65
81 94
21 2
30 73
64 28
85 76
28 69
93 55
96 89
26 42
13 77
83 4
33 98
10 98
0 76
21 54
33 73
16 34
32 43
94 85
92 6
7 66
25 34
77 56
33 92
59 58
55 79
70 85
89 22
30 9
31 88
94 2
55 34
8 75
72 40
4 46
74 52
82 67
83 27
41 24
20 12
31 46
9 77
42 71
19 38
99 26
82 86
64 57
20 91
15 81
88 8
0 84
76 36
84 10
35 9
28 68
8 63
46 58
90 69
57 85
46 4
26 75
100 87
86 71
40 66
27 7
31 63
48 32
86 18
51 96
28 82
22 79
39 65
18 66
74 80
4 66
34 62
72 44
5 24
28 66
20 83
9 32
89 89
78 89
43 18
74 60
96 63
91 15
32 51
32 75
58 25
59 64
11 48
73 45
48 76
55 29
85 41
26 84
26 6
54 54
20 55
21 12
64 2
3 92
99 23
18 14
57 43
69 22
70 45
24 2
17 60
24 4
11 11
76 38
74 19
61 53
24 15
66 39
43 16
81 44
25 82
23 79
5 100
2 40
42 32
16 72
65 37
64 25
4 11
93 91
3 70
31 24
8 25
99 27
91 34
95 9
63 79
61 6
26 63
23 4
94 87
90 77
68 92
4 95
34 79
39 61
0 82
30 43
52 35
87 57
75 95
84 23
54 62
62 75
94 36
72 4
38 98
79 43
37 100
42 47
25 83
55 87
89 87
39 16
61 4
91 17
14 19
23 39
97 92
76 49
68 3
20 27
64 21
12 91
25 6
68 80
43 0
13 43
85 74
32 0
13 33
71 50
90 4
99 31
64 61
91 5
6 77
8 92
95 72
85 1
32 15
81 16
64 23
94 100
12 75
73 71
69 79
18 88
15 6
81 10
73 23
18 41
21 0
4 0
97 95
23 87
3 65
3 0
67 71
33 1
69 27
90 75
26 18
4 74
23 70
19 36
19 31
97 3
13 82
94 3
18 87
38 33
70 43
92 90
71 43
92 5
39 79
25 66
86 9
33 29
32 97
81 49
77 84
15 57
54 19
79 80
57 4
4 94
73 40
3 63
95 80
32 39
71 5
14 20
50 52
94 72
87 9
69 29
8 3
26 38
41 65
33 95
77 10
48 60
12 98
57 94
81 8
25 86
69 75
21 89
86 100
51 92
36 46
50 36
51 87
12 27
34 49
87 58
22 9
93 39
67 31
81 46
30 1
74 44
29 75
41 23
36 35
37 79
34 21
85 25
6 34
81 0
60 61
33 19
50 26
32 4
1 17
43 40
95 39
68 91
61 9
34 75
48 43
18 59
96 78
43 15
34 6
46 51
93 45
61 16
16 77
87 11
60 19
55 45
0 78
6 51
80 12
46 29
62 67
88 52
9 3
43 84
100 44
66 46
61 98
31 16
57 54
75 84
30 51
22 64
77 45
15 38
43 66
24 0
57 95
81 35
16 58
82 23
89 85
86 45
69 59
39 21
64 91
45 16
48 38
54 25
14 43
87 83
4 71
13 80
28 49
87 8
7 84
100 2
66 73
3 21
69 53
79 9
67 88
18 84
93 84
59 78
41 20
83 20
40 17
70 13
64 27
19 49
49 39
73 81
5 33
34 42
8 22
80 49
79 92
13 49
73 0
1 10
94 74
49 80
60 99
38 22
11 65
30 27
1 67
41 46
64 47
29 93
5 58
34 27
88 33
58 31
92 20
55 13
10 65
96 47
23 98
64 90
64 65
40 65
37 24
56 10
73 27
69 16
95 30
11 1
3 32
63 63
100 13
55 39
72 74
10 85
70 76
24 7
96 1
20 93
23 60
62 55
23 88
29 66
38 34
31 77
56 46
30 58
39 69
4 2
35 26
92 100
79 41
12 79
69 45
81 15
39 2
68 81
25 64
45 20
64 31
77 85
16 83
12 67
54 100
40 96
4 40
45 5
72 0
87 38
37 87
89 44
89 42
100 14
83 71
37 68
3 1
22 57
83 19
26 51
45 8
47 41
70 92
48 4
77 33
58 48
88 32
89 27
47 75
15 23
55 95
51 16
49 6
99 98
16 61
41 86
99 51
6 82
35 78
93 50
82 56
3 85
44 70
98 46
98 2
90 38
65 67
74 79
52 38
64 17
72 71
53 20
31 51
24 55
34 33
67 91
17 34
72 94
67 38
99 74
68 9
60 53
8 37
74 75
59 7
75 82
89 40
61 29
39 36
33 40
33 14
9 40
12 57
47 21
40 70
70 73
86 93
12 94
5 74
90 57
3 60
78 22
90 20
59 93
78 70
27 20
42 80
81 98
11 36
41 39
60 48
31 14
25 33
91 80
77 6
80 29
20 40
38 64
52 60
28 31
84 55
76 31
81 87
93 89
72 59
16 2
8 69
100 43
4 98
69 80
63 91
22 51
94 18
63 60
34 88
62 7
26 48
50 37
30 29
100 39
76 44
88 86
79 65
65 61
2 66
95 71
91 32
5 18
31 37
73 82
59 38
63 7
32 40
2 69
36 58
8 32
25 12
4 33
45 43
92 54
88 82
61 54
93 25
13 71
58 51
36 49
34 93
29 88
97 34
49 90
18 68
36 14
28 76
55 42
67 17
94 82
79 48
4 78
23 93
87 72
38 1
47 14
27 31
30 99
62 56
48 8
63 34
19 25
5 17
73 29
36 85
1 63
82 39
53 42
20 62
97 86
17 4
96 33
87 32
58 73
51 83
91 37
11 12
85 63
37 35
98 64
12 34
35 93
9 84
6 2
78 32
35 70
23 32
100 17
47 46
61 33
34 99
26 21
57 37
44 8
97 5
38 75
66 75
53 52
73 94
3 95
34 36
12 64
25 44
45 70
0 21
13 20
28 1
91 72
73 4
80 55
82 64
21 31
96 11
69 25
6 17
64 16
34 20
19 100
88 1
0 68
65 28
59 45
84 69
63 26
74 47
44 34
69 28
42 85
0 100
89 46
28 2
75 65
32 18
18 28
89 61
1 41
7 93
62 61
85 47
35 75
88 72
62 65
11 16
47 45
9 4
84 85
82 88
6 81
29 38
9 74
96 13
94 91
74 45
1 24
3 79
49 24
21 47
9 42
68 94
11 98
68 68
33 25
59 49
56 27
44 31
86 19
96 53
21 71
47 28
19 19
21 17
7 75
32 65
27 40
35 82
77 93
100 51
67 13
29 73
59 92
46 43
82 22
21 70
67 5
79 77
8 68
11 89
94 8
8 78
42 77
99 2
37 61
71 54
90 43
94 55
68 19
99 90
81 68
87 87
34 78
28 43
37 98
63 22
87 39
86 0
92 75
85 89
30 76
57 15
67 86
43 30
90 21
34 81
24 30
30 2
84 95
41 82
85 93
60 47
30 31
13 4
96 9
67 8
32 6
46 13
48 40
78 1
96 7
13 79
11 39
15 2
57 5
40 88
76 59
29 41
29 33
86 73
38 20
74 71
99 49
98 28
26 72
87 1
74 3
76 55
17 67
29 5
18 37
60 5
56 32
89 9
92 72
22 1
52 92
71 95
17 95
17 19
61 14
19 78
80 43
59 18
91 48
85 73
56 61
40 97
53 60
85 34
54 79
65 5
42 41
31 96
81 34
83 77
59 89
27 30
71 51
10 58
59 36
91 100
83 14
92 77
63 74
48 11
22 86
82 54
58 79
54 55
89 23
46 80
9 17
92 30
74 61
20 99
58 46
99 1
99 96
8 57
82 6
30 62
46 57
75 48
63 50
70 96
47 36
98 75
77 78
6 94
53 94
70 25
84 73
94 21
100 7
36 57
75 52
86 95
80 66
45 53
49 50
28 11
37 95
49 56
65 16
60 49
43 42
46 15
56 49
46 30
51 11
53 12
44 14
79 22
26 54
43 17
12 83
15 17
18 2
44 49
71 92
54 50
37 88
73 22
0 30
15 49
86 88
34 19
45 0
22 95
16 64
8 65
93 56
26 89
75 71
44 40
47 20
75 35
36 55
29 20
11 15
55 74
62 30
99 14
2 85
96 4
13 81
62 46
13 37
60 83
22 10
49 27
1 78
39 56
2 0
55 61
40 18
38 48
95 77
10 39
36 33
21 28
29 59
63 72
46 31
74 83
2 22
90 6
83 30
49 4
80 35
93 13
27 3
96 3
13 42
30 100
62 87
61 67
25 50
98 26
71 91
1 21
95 46
43 20
54 51
74 93
34 38
68 99
0 92
76 81
80 3
3 52
39 68
51 47
56 42
64 46
81 84
38 72
97 8
71 76
81 58
80 93
31 0
54 61
82 98
29 77
77 69
25 53
67 95
97 26
32 45
75 69
42 25
50 39
0 12
83 32
14 16
59 68
35 24
42 34
74 18
49 70
76 14
77 98
38 7
59 23
50 79
18 79
46 92
96 65
13 70
74 89
93 80
71 37
87 92
74 84
71 27
37 85
13 48
7 64
57 96
100 94
92 95
22 34
58 0
15 54
96 34
33 68
31 89
4 24
25 40
43 69
60 81
47 66
5 96
79 26
51 4
82 12
17 64
28 61
76 15
68 69
100 65
37 3
49 68
8 15
73 53
50 57
47 32
5 10
5 38
66 19
90 93
50 23
82 63
91 78
64 76
14 15
47 13
59 33
50 73
8 40
94 6
9 16
57 38
82 74
77 25
24 60
84 47
96 37
89 21
52 16
77 50
36 44
83 11
95 53
56 15
24 41
13 57
82 9
74 28
64 33
32 27
81 20
99 38
98 69
21 6
4 39
49 21
0 13
97 100
100 27
14 87
49 92
60 27
91 96
23 43
5 7
26 44
98 60
13 12
29 96
75 75
10 41
1 38
34 59
36 5
73 49
84 48
60 60
96 51
76 67
14 9
95 33
14 52
14 22
81 29
72 12
54 56
68 76
80 53
81 57
57 22
31 73
45 4
17 12
14 1
95 64
44 80
83 25
35 49
78 63
10 43
48 89
10 49
63 64
86 97
100 79
54 9
78 66
80 32
82 19
16 39
40 80
49 16
96 58
25 55
13 69
61 92
53 62
35 60
95 75
37 57
21 59
23 90
6 50
89 47
95 2
33 77
68 45
89 0
45 66
76 33
90 72
19 62
68 8
39 46
91 86
91 31
33 66
95 16
51 12
94 81
77 43
62 58
76 42
35 21
19 99
75 57
61 40
62 38
52 80
64 20
39 49
33 18
90 0
70 17
88 4
26 61
98 45
40 100
78 84
31 81
52 44
0 72
90 62
56 58
64 55
97 33
25 7
86 68
10 6
78 67
79 64
63 21
82 14
65 100
62 22
55 81
75 72
30 94
36 90
1 19
90 19
76 83
92 25
92 56
13 90
88 55
63 29
30 64
13 8
13 25
19 52
58 61
59 53
9 37
72 32
31 79
98 90
20 47
84 25
29 92
60 21
90 80
51 5
26 0
81 3
83 46
6 55
86 96
18 93
52 1
9 60
72 57
77 66
46 20
22 87
88 93
18 52
2 92
5 86
54 27
38 10
18 17
86 30
45 47
79 51
35 32
20 1
30 67
77 0
70 97
9 20
21 30
32 34
72 24
40 34
4 96
47 98
13 23
56 79
47 51
52 41
11 26
25 99
83 15
83 65
40 55
80 46
62 39
61 13
42 24
16 82
32 96
87 85
34 68
97 21
3 80
9 23
16 75
86 69
8 74
12 47
16 17
32 35
5 34
18 12
55 31
1 68
13 39
54 59
12 61
28 10
35 35
17 7
30 5
51 44
2 34
6 79
58 49
66 85
33 36
76 86
12 56
0 59
67 33
28 6
7 96
22 67
35 54
21 14
47 52
100 89
86 50
81 63
72 47
85 80
17 38
6 80
81 28
78 46
17 15
94 52
72 55
45 99
36 62
7 89
16 25
68 55
7 55
17 70
36 59
53 17
34 73
55 59
92 81
11 72
93 44
54 36
37 11
46 2
92 45
37 56
82 68
0 3
51 20
86 59
33 22
13 53
88 58
57 80
78 69
52 57
100 91
52 65
81 21
69 46
38 85
99 66
42 22
58 69
63 4
53 58
91 41
69 74
25 59
27 50
90 98
40 86
84 97
74 13
85 87
26 3
21 36
88 96
48 56
99 63
28 37
56 17
15 27
75 28
37 65
19 56
0 77
96 81
43 60
98 14
34 94
48 0
13 89
25 88
50 66
26 12
37 97
84 88
28 79
36 4
47 79
94 29
41 9
99 8
39 44
38 24
25 20
79 53
93 8
99 94
59 59
5 29
22 13
56 35
70 58
54 49
23 74
54 78
23 71
6 48
9 51
61 21
92 71
16 71
92 49
22 73
42 83
79 56
10 70
78 41
11 0
10 77
73 14
36 9
68 96
25 39
43 2
97 29
86 64
71 29
67 24
94 80
40 69
90 13
1 70
18 62
80 36
5 94
91 60
24 11
94 64
7 42
94 1
52 93
75 26
28 95
72 11
62 70
2 94
96 55
84 63
58 59
37 81
85 98
98 27
87 19
10 92
72 79
74 69
81 82
10 0
48 79
15 82
64 96
0 51
73 57
91 91
56 100
93 94
64 50
21 4
55 60
48 84
77 74
91 65
53 36
46 67
18 33
57 19
48 74
8 70
94 83
60 58
26 77
41 12
8 44
40 62
61 72
79 55
29 87
4 37
46 22
79 60
33 23
77 47
5 42
82 48
30 36
68 48
6 36
48 46
70 95
34 45
28 25
52 46
13 91
51 22
96 39
94 73
81 76
16 76
6 6
7 19
97 65
0 40
52 64
73 88
71 84
86 34
13 63
78 34
69 19
22 0
49 51
59 90
1 66
92 3
84 98
46 7
85 99
28 64
29 53
76 21
78 42
5 82
92 28
39 27
77 13
61 59
63 16
97 24
19 61
60 11
16 3
32 63
97 79
70 26
1 36
77 44
65 58
69 71
36 95
15 37
32 60
57 70
61 32
71 53
19 9
51 53
94 77
71 31
45 63
10 47
9 6
13 7
12 59
89 75
30 37
37 44
27 56
96 10
68 44
1 27
40 29
86 75
77 77
96 22
61 75
95 26
70 20
38 67
57 11
95 34
56 44
70 53
32 100
47 0
69 58
38 9
14 45
68 82
38 66
46 62
16 13
6 93
62 99
34 87
71 36
37 93
39 47
0 15
76 23
0 46
84 51
37 60
3 89
92 29
17 97
42 70
71 70
52 66
71 59
50 48
3 87
24 83
61 25
15 42
39 25
2 43
47 94
16 88
96 83
7 52
50 80
94 67
82 84
23 66
9 98
57 34
61 60
70 38
34 8
80 58
77 53
98 1
11 9
19 26
47 74
90 8
38 3
49 72
71 75
66 74
44 12
19 72
50 42
66 72
95 85
80 40
32 48
42 14
88 47
46 35
85 22
15 69
87 22
80 50
50 95
31 49
80 26
7 46
98 30
33 91
18 92
88 44
90 26
47 56
14 89
50 58
97 64
34 89
49 2
19 65
24 38
83 36
76 90
64 99
3 54
82 82
81 89
51 85
79 39
68 21
74 6
54 57
74 77
74 25
36 3
0 47
49 44
12 76
67 92
89 63
61 24
50 88
55 47
50 82
85 77
61 97
69 36
57 2
66 55
60 40
76 71
78 44
41 88
19 3
62 24
93 72
13 44
31 23
94 25
0 48
91 9
88 34
93 73
58 47
85 17
33 3
11 70
96 43
14 94
79 0
65 93
29 74
64 0
60 55
95 44
14 57
36 30
28 3
43 94
65 42
34 74
99 13
86 12
17 78
27 76
90 41
51 50
18 76
5 70
76 53
30 25
65 66
19 29
29 9
59 80
2 86
6 9
54 31
62 79
73 67
60 57
59 37
88 76
3 12
2 100
16 52
11 13
83 33
6 43
3 83
87 77
69 38
17 66
80 22
43 38
22 74
99 58
42 86
84 12
17 26
39 63
77 2
27 75
41 31
35 91
36 0
51 40
13 72
18 91
89 55
56 19
45 14
62 17
27 80
68 66
10 91
8 55
47 6
45 13
56 83
67 73
95 8
9 35
80 64
96 94
46 40
77 90
3 49
21 77
88 19
43 79
65 68
50 24
40 91
74 95
72 45
80 92
85 58
36 94
93 16
99 47
83 83
91 64
94 86
18 36
80 0
66 78
41 16
58 53
82 53
90 27
36 88
43 52
41 55
66 59
41 15
25 0
2 89
3 22
60 52
65 84
62 88
1 54
69 30
42 50
10 42
72 52
66 90
18 13
88 95
82 3
86 85
5 88
19 24
65 11
21 72
78 79
35 55
65 57
99 64
76 2
20 16
9 38
50 56
0 64
23 55
26 30
31 52
66 93
2 56
76 91
79 5
56 16
98 50
26 71
62 31
50 67
42 40
45 78
55 58
70 44
3 24
96 73
62 40
28 57
98 40
18 71
77 83
20 89
15 74
11 34
100 35
25 74
100 47
51 19
11 32
12 68
89 33
25 77
74 2
100 25
10 93
36 11
52 5
54 87
49 45
49 19
22 27
3 10
68 58
60 79
42 36
98 35
49 46
54 16
31 22
31 66
26 59
74 33
63 65
13 24
14 18
97 18
97 71
89 4
41 95
92 26
67 12
83 89
78 37
15 31
99 11
35 48
75 59
11 30
21 24
22 50
72 50
97 91
45 74
42 63
2 47
88 59
76 64
17 88
43 23
23 3
0 91
53 96
86 28
42 27
82 81
29 32
37 8
79 45
11 60
11 87
30 74
13 21
90 63
19 73
0 10
78 43
24 78
72 80
62 29
15 96
14 50
52 33
40 38
55 0
70 88
51 34
15 40
36 45
54 30
93 31
24 92
16 63
54 38
40 81
42 8
66 81
44 45
18 10
17 61
67 19
43 22
64 54
50 35
78 27
4 43
79 68
57 23
31 45
51 42
67 20
71 28
72 43
6 68
50 41
1 29
69 37
6 44
23 67
22 39
68 74
82 76
11 83
60 24
19 54
83 95
24 77
10 28
51 15
59 44
27 93
61 31
98 53
30 52
87 52
66 1
63 96
61 48
23 14
89 80
98 34
69 91
18 4
93 53
74 97
68 95
87 66
75 38
32 10
81 79
67 72
70 68
47 40
23 12
13 75
39 87
15 93
21 25
6 11
40 6
3 51
23 17
50 25
91 54
58 52
82 11
35 57
54 60
86 67
86 36
94 54
64 60
56 12
42 78
93 99
52 19
16 41
37 64
59 48
3 34
21 61
7 14
79 1
44 95
65 44
15 66
7 68
48 47
49 0
44 77
77 15
24 74
89 60
6 71
26 65
26 74
0 70
71 39
22 35
96 99
70 30
11 8
53 76
58 21
37 62
62 71
75 50
46 8
24 94
73 24
97 96
53 86
32 69
30 10
43 54
9 99
39 40
26 83
53 11
88 87
71 2
16 16
91 57
89 82
24 80
39 19
88 22
58 39
28 91
44 57
49 35
77 39
66 89
52 9
41 68
64 97
4 8
10 24
18 6
86 53
69 94
22 31
77 21
28 7
100 66
36 78
44 63
50 76
70 64
45 38
91 39
17 71
38 31
35 59
40 8
66 82
67 9
75 92
72 26
36 74
1 35
36 39
8 7
84 100
7 70
59 2
92 69
7 33
2 64
4 32
61 61
33 37
58 38
100 55
24 3
26 10
99 39
16 38
6 13
57 20
52 8
28 46
81 7
17 27
26 93
27 27
69 11
62 19
3 55
53 74
76 63
89 73
38 38
5 4
16 73
1 50
12 39
83 13
52 25
6 27
66 30
79 19
68 38
46 69
24 12
74 58
25 75
7 99
59 74
67 25
2 52
41 70
20 66
8 53
31 18
80 33
26 73
87 4
27 88
34 60
4 17
80 15
89 30
37 42
72 64
7 31
61 93
23 96
39 95
28 99
52 62
93 90
35 85
100 73
56 68
99 61
44 62
12 89
27 99
14 12
57 16
6 4
91 70
7 25
70 10
50 61
14 81
67 67
26 95
75 15
71 97
49 97
51 57
66 83
0 65
9 18
25 90
55 78
87 93
76 79
73 17
54 91
78 95
57 71
60 39
91 84
54 7
23 62
32 94
44 69
82 89
17 65
13 51
24 67
98 29
97 74
74 99
100 53
50 8
21 18
72 14
67 78
58 96
46 74
42 98
91 49
50 98
33 94
2 95
78 9
54 52
17 91
21 41
64 35
24 87
5 62
0 24
86 2
98 65
14 68
23 57
16 59
99 30
78 14
49 20
81 43
57 28
74 70
22 83
7 11
28 0
8 9
89 88
67 2
57 29
13 64
69 100
51 31
74 50
22 52
31 95
13 50
2 90
17 98
67 96
22 55
33 87
58 70
60 51
60 73
4 82
28 16
50 30
78 39
85 11
32 14
41 76
39 72
35 8
41 84
83 60
31 76
47 8
25 94
37 54
97 51
83 93
95 11
29 36
0 99
2 70
51 93
100 42
14 63
66 4
44 74
22 99
95 35
56 99
96 60
84 65
41 94
85 97
100 95
64 73
9 73
32 49
27 52
0 2
92 83
32 88
46 63
39 28
87 80
85 19
93 83
84 5
26 8
9 87
38 63
9 24
15 90
94 12
64 5
22 92
3 38
36 43
31 17
1 11
30 61
85 91
91 52
26 62
7 61
34 26
40 24
78 35
5 89
47 70
97 66
2 59
75 56
76 85
59 35
4 83
75 24
57 65
61 68
91 40
4 64
48 45
45 94
100 81
31 54
82 18
0
