5000
56 88
36 26
70 92
68 11
6 7
58 99
100 39
30 18
20 56
1 51
61 86
37 31
9 81
73 45
29 18
68 24
31 95
77 19
95 52
66 62
30 100
91 28
37 78
26 24
71 96
21 84
45 99
75 67
2 49
92 32
46 4
47 24
43 65
12 87
44 11
21 28
27 100
80 94
84 21
46 37
92 2
78 76
64 80
65 76
97 80
79 18
8 45
26 48
19 34
23 25
70 44
0 89
81 91
90 97
7 76
15 45
96 77
42 97
1 0
52 33
79 40
65 83
78 36
75 5
14 95
65 18
73 27
57 96
30 73
50 8
12 16
79 85
23 55
60 83
24 12
15 61
43 74
5 58
22 69
80 65
67 69
20 24
57 69
81 17
41 70
26 10
63 38
51 12
38 9
6 14
18 95
88 60
59 45
82 70
72 100
68 31
16 37
20 66
100 58
21 56
2 90
62 37
94 22
48 30
43 48
93 20
44 90
7 41
66 31
81 32
11 9
2 30
89 87
81 45
18 34
61 100
30 67
19 90
89 58
95 57
99 77
64 55
63 94
49 85
26 74
47 73
67 98
39 82
74 82
26 57
54 6
75 77
45 45
32 47
66 38
68 96
53 4
32 41
37 65
47 33
68 66
44 88
80 45
22 92
6 94
14 32
47 62
8 64
82 82
60 97
55 83
94 85
40 68
49 63
29 9
39 81
61 10
33 56
50 19
9 31
91 80
35 66
69 3
26 12
52 23
12 28
32 39
41 86
90 75
92 99
38 24
20 29
96 62
24 73
55 44
66 92
79 12
46 68
65 12
15 79
57 91
15 99
22 8
36 97
86 46
100 17
44 58
1 26
60 3
87 16
73 81
22 54
83 96
93 97
46 33
53 68
26 68
42 24
27 51
39 21
13 32
88 78
0 4
24 91
27 59
18 76
75 16
55 16
47 81
85 28
19 49
46 27
58 100
50 63
67 70
40 30
85 63
37 3
8 5
54 60
58 83
81 33
64 78
18 45
66 93
2 57
67 68
56 1
3 40
47 96
3 50
14 82
30 66
18 7
49 61
58 82
50 75
6 96
74 49
9 21
67 0
95 12
6 31
90 35
62 62
7 7
45 41
51 25
1 18
87 49
89 73
99 59
66 8
4 67
2 17
90 16
35 37
39 22
23 61
91 7
57 83
8 39
63 58
90 63
49 7
47 48
18 23
61 67
53 95
18 67
8 75
52 8
6 82
41 66
5 71
9 70
4 46
76 73
45 62
42 38
46 9
15 57
6 74
4 74
11 62
63 53
31 54
64 38
7 40
98 94
93 64
25 38
30 50
25 69
39 8
54 43
89 50
47 86
34 93
41 90
40 55
93 8
90 94
21 68
84 15
44 81
75 47
58 16
25 50
75 9
48 61
51 23
69 38
6 39
75 45
91 72
75 32
59 64
87 27
81 90
44 48
3 93
22 85
71 6
78 8
93 32
72 60
50 15
94 84
84 18
11 54
96 93
12 60
18 91
7 36
81 42
97 4
46 62
77 91
58 89
94 17
93 76
91 95
2 29
100 31
26 99
20 34
75 18
11 45
90 74
53 92
67 94
96 29
9 8
64 50
63 43
24 82
56 34
15 38
4 53
1 54
90 42
15 34
35 63
34 74
8 34
2 28
20 9
57 31
49 50
0 5
32 14
9 42
80 76
61 17
5 54
1 21
48 48
8 54
45 65
86 18
15 92
43 11
85 20
30 75
30 84
11 3
77 15
95 11
17 59
72 37
16 63
53 8
72 14
3 78
15 86
38 27
47 41
58 50
75 42
56 14
73 35
49 79
41 60
37 28
76 26
92 3
95 54
90 41
70 39
94 72
15 1
53 63
69 13
62 53
14 61
11 23
20 92
28 97
28 38
34 49
38 53
13 18
45 88
83 74
52 72
13 21
18 27
19 14
94 62
77 47
6 93
71 82
90 99
14 87
27 71
5 27
84 60
41 93
40 46
40 27
17 6
9 54
39 69
76 18
15 35
41 7
11 69
72 71
51 100
85 94
90 6
94 6
76 42
76 91
47 63
18 18
31 17
87 61
69 100
24 68
36 83
7 19
11 32
51 45
28 14
39 37
31 82
88 4
24 11
80 7
33 80
74 86
35 15
100 4
56 40
0 98
43 84
71 69
8 18
19 79
39 35
86 62
85 19
32 42
52 5
51 1
34 36
88 77
15 83
51 79
92 73
76 9
52 19
32 63
91 61
40 80
72 83
79 3
16 65
81 36
5 84
25 45
36 37
34 91
27 93
73 15
58 36
52 81
24 9
7 38
85 7
2 26
12 64
94 92
87 58
3 3
70 81
5 48
98 28
46 39
34 40
22 42
1 75
50 0
41 31
23 65
86 8
49 23
55 55
54 66
0 72
96 20
77 32
99 87
65 58
99 32
100 45
88 12
63 57
26 64
62 46
37 16
37 49
9 52
88 92
58 97
77 86
75 89
62 74
14 73
49 42
83 32
61 9
17 21
41 82
13 2
19 97
25 51
55 33
82 47
83 24
82 68
71 21
24 88
46 73
22 50
59 74
55 49
58 61
46 58
68 85
32 13
75 58
14 80
15 51
68 72
68 81
71 32
53 54
19 31
41 64
6 33
62 84
78 98
92 61
96 15
58 62
47 89
43 61
97 78
78 31
28 26
23 33
38 17
88 28
79 69
63 52
65 74
50 62
68 59
64 76
25 43
0 43
12 25
82 1
29 78
82 84
86 98
13 36
99 64
67 100
17 83
22 73
38 56
88 54
90 100
53 10
40 23
64 99
27 75
42 1
94 8
84 58
13 5
76 10
36 84
64 7
71 16
79 86
20 8
13 46
0 94
32 67
79 49
44 62
10 71
98 16
57 86
97 13
28 47
20 73
67 20
29 8
43 28
100 2
5 59
34 92
59 66
54 52
85 53
48 82
15 5
85 15
89 27
29 49
61 65
53 83
27 65
11 14
13 73
79 44
91 60
87 96
96 40
74 41
58 93
23 39
5 43
4 72
14 71
9 32
9 87
30 6
28 96
100 84
3 77
82 25
70 82
44 70
83 75
51 17
48 10
16 84
43 77
51 18
54 45
62 59
83 47
13 53
15 8
67 65
1 42
52 75
22 9
86 90
9 1
26 2
17 37
9 12
69 69
89 57
51 55
15 28
33 4
36 20
94 38
25 62
94 69
6 63
73 79
12 15
97 92
77 63
90 93
93 39
91 20
76 27
55 56
18 40
2 13
82 21
7 5
94 91
71 2
73 26
25 6
35 65
30 90
35 8
84 86
6 80
89 89
59 18
75 85
83 65
70 23
54 22
19 84
64 24
98 99
58 40
75 60
34 60
16 97
98 69
99 37
0 93
63 74
94 60
100 78
34 95
49 92
84 24
32 53
78 17
15 63
48 11
17 4
10 10
90 4
15 93
8 79
97 45
46 57
99 25
68 92
68 55
43 80
96 91
38 66
53 74
75 69
80 85
67 50
38 57
100 28
17 70
86 38
55 15
95 79
78 34
2 27
99 42
12 97
55 99
53 48
42 41
22 78
38 69
96 89
87 12
54 67
54 50
36 38
72 31
91 63
4 93
39 18
0 35
12 40
14 0
3 56
1 79
34 64
89 63
95 67
54 99
71 80
21 96
19 51
46 93
76 31
99 24
91 73
71 39
64 68
25 42
53 14
91 76
92 8
47 8
29 2
9 18
96 85
75 95
75 22
8 36
47 76
46 71
49 52
79 54
22 67
89 100
36 89
4 54
72 72
88 96
49 76
73 52
27 17
73 13
25 31
20 67
55 64
91 83
82 73
97 35
52 39
42 14
63 60
14 81
100 69
80 42
72 86
8 95
81 59
2 46
70 77
8 35
98 38
0 26
45 23
98 5
31 1
84 51
29 26
96 25
54 12
81 61
29 23
71 64
13 96
1 72
29 60
57 1
38 55
59 83
96 38
8 19
26 0
29 92
55 59
34 2
29 4
62 73
10 62
95 9
82 100
46 95
16 33
95 15
52 94
49 99
12 58
38 15
41 48
23 71
71 94
63 73
10 44
68 16
9 88
15 59
87 22
38 20
35 60
78 99
7 32
57 51
39 5
67 47
18 38
31 2
84 89
83 45
38 22
41 68
26 100
55 45
78 28
32 85
99 63
91 55
41 50
99 96
98 68
64 61
13 15
66 24
18 73
72 22
53 58
71 40
19 96
63 93
3 29
57 7
47 27
64 89
34 58
50 25
67 41
98 51
71 27
2 16
88 74
0 29
97 91
17 12
76 83
32 100
50 10
66 29
25 77
41 9
96 14
64 22
21 55
44 75
97 82
77 77
12 93
55 28
79 80
90 49
46 43
22 89
81 9
30 7
54 35
17 55
45 96
57 89
17 68
77 85
28 60
23 56
34 1
79 43
54 57
21 5
17 26
95 22
79 89
99 100
78 63
69 23
55 58
56 36
15 81
25 58
58 92
4 64
18 51
3 19
65 9
91 1
67 88
64 42
55 37
92 100
46 35
52 1
71 48
40 36
82 24
30 91
10 99
53 12
97 42
91 14
5 99
20 89
85 39
66 74
30 40
26 17
1 39
51 6
13 23
37 46
84 16
70 17
77 14
51 97
97 94
33 99
76 34
98 39
18 14
0 97
25 47
15 76
19 73
13 67
26 88
97 70
81 24
44 57
97 39
68 95
12 100
25 29
32 94
54 77
57 87
96 72
70 93
85 95
0 58
74 93
26 53
89 86
21 88
76 41
72 47
21 76
23 21
16 51
38 18
40 84
7 91
63 42
43 8
78 100
37 47
35 98
90 8
50 84
82 94
7 62
82 56
24 79
80 56
11 12
22 81
80 14
2 56
81 83
76 94
87 39
85 4
74 25
83 13
61 91
16 29
13 63
89 77
90 50
31 93
71 14
35 4
58 7
4 45
52 57
8 11
90 2
40 91
44 32
61 27
7 97
13 26
82 45
20 60
44 86
67 15
59 12
99 69
31 43
2 19
56 81
50 34
5 92
87 20
97 55
38 37
76 97
10 42
17 98
16 46
58 49
86 26
9 4
59 2
62 97
38 91
32 59
56 42
3 66
82 38
21 63
65 62
100 49
84 20
80 31
43 71
98 1
38 10
66 95
100 10
32 16
44 20
74 45
10 79
95 4
86 97
48 73
76 5
31 88
91 92
18 3
78 18
2 1
77 96
60 86
37 7
11 100
98 96
77 25
23 49
47 82
48 70
68 79
90 1
55 93
53 66
81 80
25 36
39 75
25 65
34 97
36 13
29 7
63 86
1 19
8 83
29 67
43 81
79 53
96 16
28 11
68 33
78 23
35 21
12 62
16 92
38 6
81 58
74 5
38 80
43 38
60 98
5 37
32 20
37 56
31 21
84 23
61 72
11 89
38 84
77 37
22 91
30 88
13 70
15 37
32 7
23 15
90 66
99 44
74 17
11 85
94 23
96 66
99 27
50 99
75 6
91 57
90 46
52 21
3 68
83 31
84 33
35 95
38 99
0 69
48 24
50 50
24 31
20 87
24 80
63 44
95 65
43 26
7 96
27 7
46 31
29 83
18 71
60 42
31 10
0 18
8 61
16 73
22 99
50 51
65 57
92 54
22 96
59 88
34 45
60 17
53 38
95 73
76 48
90 25
73 55
2 64
27 42
92 65
9 89
43 16
86 4
98 42
49 28
7 11
48 100
44 18
29 40
93 22
16 74
36 34
54 71
27 92
58 45
34 59
10 7
56 89
12 73
61 14
73 72
44 39
56 47
13 8
16 45
53 51
63 26
57 3
46 72
71 11
32 22
31 40
59 34
67 8
13 35
91 33
1 85
21 6
87 8
39 85
40 26
44 3
46 44
19 76
6 45
97 74
44 15
17 94
75 25
2 14
69 46
91 50
71 34
26 95
42 51
5 45
32 77
44 41
71 8
92 87
29 1
77 79
99 95
56 22
60 89
89 10
93 35
31 70
21 79
71 98
9 83
64 51
100 14
79 5
13 56
93 75
17 71
57 61
70 20
20 36
42 16
23 66
54 80
38 30
3 91
48 75
61 22
7 31
47 56
80 19
69 25
25 40
58 59
47 19
59 14
81 25
42 56
10 40
18 79
41 45
90 51
25 80
85 49
87 3
9 93
11 57
37 71
52 92
62 77
61 83
55 72
45 10
63 55
8 89
86 66
2 2
9 43
65 90
77 44
77 2
36 57
68 30
29 97
66 90
9 74
50 88
7 47
48 53
84 80
44 79
82 18
76 89
56 53
39 88
20 39
40 11
20 97
45 13
52 93
86 47
67 81
34 41
69 12
60 93
89 12
83 20
77 26
56 8
8 22
63 10
22 74
93 71
60 26
69 26
9 7
24 78
45 91
17 7
100 33
9 63
3 9
100 13
69 80
86 74
10 72
26 33
58 65
22 35
3 49
68 74
2 71
69 83
43 42
45 22
62 34
19 16
75 76
5 2
17 89
68 100
1 46
65 49
2 68
18 50
29 35
55 60
5 95
56 96
23 54
76 87
37 19
79 92
96 0
84 99
51 82
85 59
71 4
23 31
72 56
55 61
39 92
10 1
78 4
94 45
53 77
85 2
92 94
17 5
94 75
37 84
11 26
54 13
76 58
1 1
37 76
29 96
46 81
42 28
97 34
73 54
13 39
7 20
87 91
22 52
37 35
60 38
51 92
62 82
39 87
37 55
94 53
49 53
46 22
3 27
46 51
55 73
60 23
27 27
8 50
77 70
73 46
16 62
28 84
83 76
21 75
6 88
70 45
34 77
52 66
13 68
5 9
46 82
5 52
71 75
57 14
28 6
10 60
33 60
27 25
71 97
89 15
40 18
57 28
98 67
79 84
65 28
53 72
30 89
21 45
100 55
55 0
46 96
61 33
70 26
92 45
95 91
31 29
13 61
45 53
79 35
21 1
72 75
97 75
16 12
9 37
37 77
74 18
66 57
25 10
82 4
79 28
42 89
100 34
0 87
67 67
3 85
17 28
34 22
87 19
18 11
44 91
46 55
48 4
32 65
42 9
64 72
1 66
70 75
61 6
81 74
67 7
10 65
79 32
33 78
9 35
45 44
50 12
28 50
17 82
57 26
66 91
48 19
93 24
43 18
37 75
68 29
29 72
28 90
36 74
48 39
47 49
59 91
94 5
52 87
14 30
50 89
40 52
25 91
80 21
15 19
56 59
17 92
99 15
16 22
25 13
20 32
95 30
91 38
13 19
6 17
68 36
94 55
1 48
34 9
49 70
84 78
89 55
10 16
86 10
19 43
4 91
46 30
94 96
58 27
6 1
81 87
66 63
93 54
10 12
74 36
23 72
68 93
77 88
28 83
5 88
98 56
16 66
69 8
65 19
48 1
4 29
100 68
20 63
79 36
10 15
32 66
92 76
48 49
84 88
3 42
2 81
81 35
72 96
15 2
79 46
42 96
69 86
31 58
52 16
60 46
2 79
60 99
98 65
0 7
13 62
5 32
79 95
71 70
11 93
54 72
45 60
73 86
45 50
63 69
85 33
80 90
75 97
93 80
89 72
27 16
79 90
4 57
41 36
60 30
76 72
83 87
59 93
69 24
75 11
90 58
42 63
96 60
19 5
26 70
9 11
27 15
13 17
44 77
19 66
7 87
83 6
98 27
11 84
66 65
96 74
73 4
52 79
1 83
83 70
25 8
77 57
17 51
73 61
50 71
23 35
84 72
21 32
53 43
20 51
9 97
42 11
10 37
43 78
70 56
72 89
38 23
60 8
78 33
41 6
56 75
94 66
73 24
22 75
24 46
68 82
45 89
21 48
45 12
79 42
74 58
16 96
41 58
78 49
51 75
14 1
69 53
17 53
38 0
26 34
10 96
84 2
75 59
73 71
11 19
8 88
38 83
85 35
55 90
70 60
60 54
41 33
75 96
64 4
76 99
35 55
20 77
45 63
10 45
3 43
37 89
31 61
72 80
71 59
97 25
78 59
73 10
6 15
25 55
5 0
21 19
4 63
15 78
83 86
36 7
3 14
97 22
20 82
7 84
30 65
28 59
67 55
10 11
21 97
63 18
68 6
42 84
13 58
39 4
93 27
26 16
60 2
99 26
25 86
65 40
74 42
69 11
52 44
30 2
6 11
66 36
84 48
91 35
69 28
78 9
65 67
39 46
60 6
84 0
74 85
95 5
15 56
24 50
27 4
22 40
100 92
83 57
7 2
97 83
14 52
3 45
5 26
15 36
55 91
5 87
50 86
12 8
75 29
64 16
25 46
77 99
96 87
65 88
97 85
2 34
54 90
59 59
79 48
37 100
95 39
36 46
19 46
34 35
95 66
31 53
59 94
58 91
4 20
57 60
73 22
17 73
31 50
7 8
89 67
0 65
63 76
31 15
48 74
60 45
14 10
97 76
51 7
56 4
69 5
43 14
62 67
80 70
18 30
90 85
22 39
94 4
4 44
50 93
74 15
61 85
82 55
20 27
99 73
60 81
60 13
97 49
54 36
2 87
85 26
69 34
47 59
94 50
4 12
73 77
20 17
38 2
9 49
2 55
100 7
72 5
78 11
96 70
16 24
23 2
63 30
61 24
66 20
41 83
13 89
56 23
24 40
65 15
75 8
57 30
94 86
32 60
24 57
47 45
27 77
61 64
47 40
55 100
41 15
74 4
99 12
38 76
72 87
25 98
28 33
26 89
8 60
31 60
11 42
33 28
82 14
87 100
36 49
32 79
69 92
38 1
44 23
89 93
31 77
11 59
15 24
50 69
77 78
58 70
87 93
43 5
4 34
38 81
84 17
73 28
4 66
72 25
38 33
59 0
61 88
5 78
1 14
19 57
10 18
9 59
60 70
17 13
23 80
65 71
0 85
82 11
40 14
47 64
97 66
66 80
84 5
32 9
80 12
41 32
34 99
5 93
11 91
5 39
79 93
38 92
40 39
60 88
1 36
65 89
54 73
72 26
93 29
26 39
35 72
88 91
28 66
93 16
30 45
66 30
77 83
27 60
49 54
42 50
69 95
48 36
4 55
49 34
22 18
88 56
35 36
78 1
46 2
11 99
98 21
57 74
47 11
28 52
16 100
31 7
42 59
1 44
31 27
5 56
35 49
57 35
91 2
17 44
84 41
1 94
56 32
72 35
53 52
68 51
19 38
38 74
35 2
23 59
100 96
86 72
39 10
97 2
84 81
19 35
98 22
40 2
17 96
62 13
100 79
96 75
92 17
24 33
40 32
83 99
81 34
20 99
15 29
29 63
52 61
63 34
99 84
61 68
0 78
53 28
22 13
64 15
23 47
46 24
80 26
2 3
21 36
59 68
99 85
20 26
81 98
62 7
12 98
46 6
95 100
45 17
76 30
54 61
64 30
97 67
2 92
96 11
70 78
31 12
8 21
52 12
30 34
27 20
49 33
12 70
21 39
26 58
20 84
13 65
39 56
45 82
51 74
59 19
55 79
69 20
78 47
70 76
57 24
64 37
85 76
8 53
100 5
68 61
2 69
7 69
48 26
26 51
46 19
43 6
59 87
75 79
58 48
10 43
96 47
91 97
45 81
13 90
36 39
41 72
5 22
19 58
87 37
30 49
69 29
13 50
89 45
61 23
87 50
0 62
95 45
56 45
65 42
33 36
4 52
6 95
80 32
78 21
29 76
59 7
99 0
3 34
41 77
55 40
46 0
66 77
9 62
27 64
62 26
74 38
49 44
48 62
99 75
83 33
28 30
6 68
76 66
2 63
11 40
24 18
42 92
43 64
75 68
9 73
19 95
94 12
95 25
44 8
14 84
14 28
45 32
51 30
73 68
9 41
35 22
52 74
40 35
65 94
48 3
100 100
70 30
28 68
58 52
84 56
0 50
21 81
33 16
6 50
35 52
36 68
42 55
30 69
16 20
82 15
33 29
14 3
31 76
12 1
85 54
96 81
36 21
35 42
18 64
36 95
72 73
50 79
46 7
26 79
88 10
39 51
67 49
35 59
89 99
8 31
69 97
55 75
0 83
50 45
64 69
77 100
54 56
70 32
29 62
33 67
14 70
60 57
36 53
5 15
63 87
38 72
55 25
13 29
31 62
59 6
98 64
82 29
49 15
65 1
98 23
29 68
18 77
26 72
26 19
1 28
9 99
54 53
72 84
94 27
85 55
42 72
45 86
42 60
33 51
13 80
100 41
59 97
28 64
67 86
99 72
61 2
0 22
41 47
22 10
54 32
89 46
92 48
70 85
64 97
61 37
41 10
87 84
3 11
81 12
77 38
5 20
65 38
62 96
45 100
1 87
71 20
90 28
50 70
73 69
87 85
47 16
74 29
84 63
26 1
27 36
62 99
45 1
60 77
73 37
43 10
8 71
78 42
81 41
90 68
76 80
85 41
59 84
71 26
10 82
77 16
28 4
41 94
39 55
4 60
63 41
44 47
74 97
73 59
71 56
28 15
69 93
92 69
58 80
48 68
79 81
44 21
58 79
0 84
42 94
52 51
73 99
41 23
69 57
2 73
8 52
75 13
57 72
96 80
98 50
26 83
69 84
11 11
31 74
34 66
34 17
95 1
54 75
39 39
33 45
33 92
75 48
45 46
6 0
82 95
0 82
1 84
41 4
34 62
68 28
55 21
59 23
70 27
16 42
91 84
63 32
49 97
35 24
47 60
7 58
92 91
30 97
18 90
11 8
25 12
58 47
40 98
32 1
81 65
53 11
20 46
22 71
2 61
57 92
59 65
37 30
85 48
52 48
90 30
8 92
36 41
40 7
60 51
78 70
50 96
89 84
25 32
48 12
47 72
24 6
28 72
29 94
7 79
61 69
45 26
31 69
100 70
4 15
64 65
77 84
84 79
88 24
43 3
63 64
24 0
13 22
55 62
78 55
50 97
11 68
87 42
47 42
23 37
35 70
55 65
68 12
2 40
93 53
27 76
74 70
81 27
19 75
39 70
3 86
71 81
66 22
17 42
57 56
24 93
91 13
20 45
25 81
54 10
28 40
5 85
52 3
78 97
26 8
52 65
52 84
45 61
70 52
59 80
87 73
70 73
76 52
72 65
45 21
15 40
7 51
66 32
35 45
85 14
100 64
47 34
46 87
38 51
84 70
37 38
14 50
61 40
83 41
65 34
6 92
72 23
93 98
31 49
53 45
47 65
76 12
38 49
49 55
100 66
22 65
17 33
40 33
23 23
44 67
83 72
22 56
89 91
29 43
98 98
49 37
35 17
5 44
50 61
58 17
6 78
54 19
49 14
6 60
6 91
85 25
41 11
68 41
33 77
60 47
30 98
45 75
81 18
46 61
56 24
38 61
77 81
90 60
82 30
69 61
54 30
69 60
21 30
64 59
67 85
63 81
57 20
55 94
72 11
58 55
64 19
4 81
39 48
65 44
47 100
31 28
61 81
62 36
22 26
3 37
89 60
56 56
3 61
7 64
48 14
20 70
91 71
34 18
56 19
38 58
5 80
28 77
37 48
22 97
100 3
87 21
27 18
10 3
68 3
88 14
52 13
45 3
66 5
85 62
65 87
76 57
54 29
49 24
33 55
59 33
14 16
67 75
77 50
11 97
63 11
48 0
4 69
30 55
12 26
77 29
22 55
62 86
61 60
91 85
21 22
27 67
95 78
13 69
42 23
85 98
29 90
33 91
7 15
66 71
26 54
29 30
10 29
36 16
59 92
46 65
12 95
36 72
41 13
15 27
27 52
9 72
35 26
73 67
42 13
40 49
12 39
77 75
23 63
76 54
31 78
42 45
25 0
27 62
90 36
75 66
30 81
33 57
98 92
18 100
52 14
47 53
33 93
0 6
54 64
80 71
70 94
61 5
11 10
41 30
9 60
50 82
62 60
32 61
60 10
27 41
56 73
41 96
7 95
39 77
52 29
49 48
32 45
5 12
43 55
41 51
63 51
76 16
79 19
18 31
44 24
87 38
43 17
91 48
64 82
20 50
51 76
38 48
14 14
16 95
80 8
36 62
88 52
36 54
53 69
80 57
0 23
5 75
30 12
79 71
45 39
40 41
64 28
99 4
41 17
11 44
79 65
35 9
6 19
84 37
94 15
18 2
58 15
0 25
18 8
9 33
31 24
81 29
20 72
8 42
73 42
75 3
3 35
1 23
31 91
4 62
86 65
52 4
1 4
21 86
47 94
45 25
96 13
51 16
8 97
17 8
24 30
24 67
12 33
94 93
30 85
17 30
18 12
35 100
59 27
83 36
43 92
75 99
15 31
32 68
10 95
26 3
51 88
93 37
33 21
86 1
76 93
44 80
75 21
76 65
79 67
21 53
3 65
51 78
92 89
85 65
95 80
27 1
72 63
2 93
84 66
34 55
21 42
31 83
58 67
64 33
91 99
56 87
85 67
60 90
9 9
59 28
27 12
21 34
52 53
44 51
11 6
69 41
6 12
20 16
64 21
80 1
86 34
74 50
67 10
20 71
78 20
36 27
98 44
70 53
21 18
12 76
35 78
20 13
61 59
32 21
29 65
19 10
13 95
11 33
46 69
100 94
73 17
48 34
15 33
39 80
95 74
8 37
43 66
12 54
81 11
69 17
68 20
38 14
95 58
9 6
69 62
94 9
76 69
88 42
8 24
65 95
52 60
19 7
74 46
3 73
20 23
60 27
57 6
19 67
66 45
38 11
12 37
39 62
33 46
44 2
94 63
8 8
68 99
99 97
93 43
42 44
42 98
11 34
65 4
26 23
75 10
81 0
82 34
86 63
70 71
61 46
99 76
2 38
87 31
95 61
38 26
37 2
80 36
87 10
98 8
34 96
11 16
86 39
42 42
0 19
26 78
100 47
59 36
44 95
80 41
37 27
69 90
93 92
16 61
81 73
89 30
57 80
82 60
3 20
4 14
2 62
95 50
86 93
77 0
59 89
21 98
88 40
16 75
55 53
50 14
59 57
83 12
22 95
91 42
61 98
62 47
76 28
37 69
15 32
96 45
34 31
97 29
24 17
60 87
82 91
14 60
31 55
51 46
56 98
78 35
84 38
82 26
98 52
68 38
20 85
94 83
67 32
31 42
31 36
47 9
8 26
39 7
77 53
60 43
94 40
87 33
49 77
14 57
96 100
65 33
10 59
93 52
68 90
82 10
80 17
82 54
2 94
97 77
82 5
21 41
23 90
20 58
13 88
50 56
81 66
70 37
80 4
86 77
36 9
71 5
33 97
3 15
68 88
50 94
95 86
50 23
76 13
59 61
89 64
88 49
66 67
99 86
57 29
18 84
78 25
82 16
95 97
44 60
21 10
25 1
88 50
5 94
88 87
25 2
35 39
39 53
94 33
59 40
66 17
83 95
49 30
50 92
41 35
23 7
25 22
58 88
38 59
79 74
20 62
2 80
71 12
32 99
99 49
26 98
31 94
7 57
13 59
52 69
9 90
46 28
1 5
95 68
57 79
77 80
97 44
23 96
51 26
79 29
59 47
84 93
85 44
40 57
92 64
40 42
89 78
58 8
78 2
80 24
51 56
55 24
20 75
49 0
14 47
52 99
78 79
66 18
18 28
16 35
33 1
8 66
54 24
22 60
79 100
56 11
26 69
72 48
19 99
94 88
91 54
19 26
62 49
61 58
39 99
75 20
40 88
70 4
28 21
57 88
66 41
7 3
90 23
3 23
66 44
72 92
92 31
47 12
19 8
69 65
63 13
53 20
13 33
43 44
94 28
98 72
63 28
11 90
65 69
38 60
39 44
58 23
98 76
14 13
13 42
31 25
23 74
70 54
13 91
99 29
23 14
40 72
73 12
2 35
45 0
11 56
70 9
8 94
68 89
43 39
1 6
21 54
36 55
71 76
75 7
10 88
28 18
53 99
31 14
60 7
28 8
43 70
78 40
23 82
45 48
84 26
58 10
25 7
60 15
10 27
31 4
38 47
61 30
52 77
3 17
6 83
54 21
33 86
70 11
24 20
43 49
62 1
14 11
38 46
96 55
26 27
29 5
26 96
10 89
67 42
8 12
86 78
78 57
9 77
2 100
34 67
51 98
31 37
23 1
99 14
71 62
16 13
75 51
49 88
15 21
82 17
58 75
98 2
56 100
66 34
57 67
96 1
71 86
61 4
64 5
82 96
40 89
96 28
62 39
1 8
61 70
31 23
36 33
28 29
52 11
95 49
25 54
20 11
86 61
57 13
19 33
36 52
6 73
41 14
99 53
89 47
60 79
14 37
69 19
99 93
39 15
9 61
66 25
99 82
16 9
69 47
33 25
42 77
50 100
46 42
85 70
71 63
12 81
94 19
66 55
0 100
98 57
46 94
71 77
97 7
25 63
47 17
61 20
7 33
92 30
38 87
91 64
67 73
10 56
88 99
11 87
47 39
35 32
51 89
29 88
2 74
31 86
35 84
59 48
39 30
2 7
37 39
68 13
89 59
18 0
58 6
60 74
74 56
51 96
83 92
86 69
4 6
4 47
7 75
2 83
0 91
26 4
42 91
20 19
67 72
48 59
90 87
28 55
69 66
50 64
95 94
83 39
72 52
32 8
92 21
73 34
51 91
30 26
3 72
3 28
70 88
5 68
80 30
56 76
54 0
17 62
73 48
84 31
25 19
49 98
67 59
75 73
40 48
14 65
92 90
72 79
14 45
16 5
53 57
88 80
92 7
99 16
96 78
61 92
91 65
69 63
65 68
27 2
98 25
26 30
94 61
93 47
6 61
12 20
50 47
3 97
59 63
89 2
21 4
67 87
88 65
20 91
33 33
64 14
38 93
61 31
74 63
55 11
2 76
66 82
57 55
85 73
27 44
96 98
82 2
51 99
81 62
93 99
52 67
17 81
61 66
47 0
93 28
76 21
4 73
74 24
26 77
20 15
20 33
35 81
33 40
90 34
40 74
18 20
23 34
35 61
92 95
92 1
33 23
36 77
34 73
61 62
90 0
50 53
12 32
99 13
86 11
91 0
65 82
38 54
34 23
17 56
81 38
43 19
63 15
39 90
12 7
60 12
62 80
82 37
30 63
57 71
92 15
26 43
86 51
86 17
32 5
27 83
74 89
19 41
56 69
21 74
17 23
32 95
93 95
72 55
61 21
34 5
24 23
78 44
77 39
77 71
39 97
86 21
0 88
81 76
48 17
67 26
6 37
21 83
43 0
44 29
5 83
31 68
48 42
50 2
93 88
7 61
24 27
44 98
81 99
24 55
32 25
10 87
16 7
89 68
93 68
34 42
86 9
21 49
11 51
97 48
98 3
76 32
23 62
5 3
64 84
68 49
75 86
47 47
67 36
77 59
50 72
5 16
40 77
44 46
88 86
14 18
82 86
45 11
41 84
89 31
4 98
33 72
68 73
90 11
9 94
76 70
51 73
21 12
93 72
56 65
91 51
44 43
22 77
37 72
16 31
31 79
36 76
78 84
20 25
51 27
85 83
31 18
36 87
14 26
29 21
9 46
100 43
13 86
38 36
41 91
95 69
62 85
64 11
66 40
38 95
44 19
26 80
50 91
78 95
15 44
45 24
86 76
98 0
39 27
16 56
32 11
30 61
72 49
16 82
0 15
70 22
52 100
72 88
28 61
67 19
34 39
32 37
48 13
69 50
58 51
94 18
82 80
93 34
70 57
12 92
43 34
49 66
5 62
6 30
97 30
31 46
71 79
6 34
28 62
63 2
34 27
57 99
95 53
62 100
72 42
68 22
83 59
16 38
55 92
7 67
45 43
55 84
64 0
53 94
4 27
83 79
25 76
91 78
29 39
50 26
25 60
88 1
100 22
53 96
21 51
86 29
92 39
18 70
61 0
44 9
60 63
63 21
64 73
53 84
59 39
37 0
44 76
35 77
38 67
53 86
31 9
39 100
41 27
7 65
22 5
54 51
7 18
18 92
60 76
28 56
37 53
83 60
4 96
80 18
46 67
32 84
70 89
43 87
83 7
80 88
83 2
36 92
28 31
77 73
61 90
86 57
49 43
29 13
13 41
24 96
76 77
32 93
49 64
12 72
99 62
71 29
50 58
6 35
65 24
42 70
46 1
91 30
92 4
54 33
53 80
3 8
28 85
97 89
76 68
82 99
47 92
19 37
67 34
1 31
57 34
57 15
59 95
100 90
70 58
69 30
25 72
40 100
73 9
29 75
60 94
93 44
35 46
96 54
10 69
84 68
80 38
81 44
29 33
39 49
43 51
63 63
94 81
29 3
39 20
37 79
83 46
1 86
46 41
55 38
43 47
96 42
51 93
74 90
47 83
97 58
84 53
7 89
47 6
33 5
88 32
98 73
95 96
27 3
13 45
24 89
1 7
87 98
29 87
15 64
70 68
70 28
6 97
46 85
95 87
58 31
72 97
78 16
0 75
49 36
99 79
11 52
59 67
48 6
47 90
70 24
39 25
88 17
1 82
55 13
81 93
4 97
34 11
53 34
40 16
56 3
65 8
43 95
8 2
15 89
25 94
44 37
14 55
95 41
67 56
80 92
80 49
18 32
72 70
98 74
35 25
14 83
42 93
23 86
82 43
22 29
88 6
73 16
19 56
65 6
43 36
90 95
79 0
60 100
57 100
13 31
28 41
40 93
86 94
5 25
7 72
63 16
77 42
91 32
10 47
80 95
17 54
62 17
18 21
42 95
52 38
76 11
82 58
19 1
0 30
59 13
20 61
9 5
12 4
17 47
4 59
5 91
28 35
26 26
56 72
75 19
90 44
57 36
62 63
42 47
67 14
3 6
79 77
78 85
66 16
81 57
59 73
90 90
2 53
1 58
38 75
89 53
50 7
36 14
26 20
54 4
75 61
80 37
5 14
27 80
76 22
83 40
50 68
3 75
38 31
1 92
6 26
22 51
26 37
56 79
77 40
81 71
37 10
33 62
10 66
4 30
17 38
63 59
61 54
100 52
8 80
16 90
53 87
53 26
29 12
39 28
20 54
34 88
44 7
73 38
0 42
64 75
64 85
27 10
5 19
80 51
52 24
83 94
18 66
52 26
17 36
59 31
41 5
34 51
36 58
62 76
18 55
46 91
72 20
25 68
89 4
72 78
95 10
90 61
41 73
43 31
19 4
84 74
31 65
90 5
21 59
76 51
8 91
98 55
98 11
45 83
82 98
68 46
63 56
78 30
93 78
79 47
60 19
69 89
2 11
73 1
57 62
12 91
90 78
33 9
6 25
86 55
8 0
92 24
37 59
47 67
55 50
71 36
79 9
27 74
28 75
74 81
63 75
6 86
97 17
100 48
38 52
57 77
66 79
19 30
4 78
83 69
66 88
65 0
45 79
53 40
47 52
28 70
23 0
29 81
51 20
87 54
47 25
3 83
95 59
34 63
18 26
39 98
41 42
7 77
11 82
47 74
23 91
27 58
89 14
62 14
59 37
94 41
89 65
16 54
59 78
35 93
66 0
21 24
0 24
52 62
20 48
1 38
66 37
6 9
95 55
63 78
10 70
29 46
85 69
93 11
82 85
42 75
0 81
91 16
97 60
82 19
18 35
54 14
34 69
33 7
68 5
14 89
83 26
42 30
54 68
79 83
89 56
33 24
58 96
91 43
72 17
38 82
69 76
91 46
40 54
37 57
83 63
11 83
18 86
24 74
85 0
81 53
42 86
58 38
53 5
7 74
23 69
93 60
92 51
22 66
45 27
92 16
91 69
72 54
88 51
68 76
12 44
28 80
34 54
82 65
77 51
6 52
37 80
81 31
96 37
85 23
18 85
47 98
65 26
80 73
5 36
8 87
45 66
16 94
29 54
54 86
83 66
72 30
49 89
39 31
25 85
87 76
89 41
53 93
70 29
11 46
20 80
92 85
27 54
64 26
13 6
93 33
64 35
65 10
74 14
31 16
95 77
37 60
21 72
60 60
10 35
92 86
92 29
30 56
5 31
38 42
4 80
67 21
22 30
98 15
42 21
96 53
56 80
92 59
55 22
35 94
78 52
87 77
66 46
80 83
11 27
72 29
84 90
9 69
59 69
60 61
35 7
81 63
85 61
79 97
58 53
17 86
88 29
3 22
77 43
61 15
1 35
91 79
64 57
31 20
50 54
61 56
53 9
49 90
17 64
76 78
16 3
1 96
42 83
44 42
75 28
27 22
100 51
88 31
68 70
62 92
62 38
60 18
68 44
98 88
26 87
50 3
89 37
43 29
38 85
99 6
8 27
8 46
100 72
42 53
44 83
21 40
90 32
83 91
20 35
3 89
27 21
17 91
64 46
67 90
38 38
34 7
58 87
85 99
47 58
4 86
67 33
29 85
16 27
51 44
22 61
97 40
1 3
40 82
14 96
22 80
5 5
48 33
85 17
77 11
85 92
84 11
11 29
25 53
81 69
72 62
27 14
8 10
12 22
90 72
14 59
22 32
48 29
4 37
83 43
58 19
24 56
8 59
27 82
14 40
52 89
6 43
17 84
56 21
44 82
1 68
85 6
75 36
54 97
45 6
59 5
57 11
89 70
96 76
21 47
33 6
21 82
28 2
1 99
10 49
91 10
62 23
74 71
2 44
96 50
22 37
68 54
74 57
87 99
35 14
43 27
80 79
49 69
51 36
76 61
96 22
37 23
61 12
25 25
53 2
75 94
83 18
75 44
2 36
6 8
54 9
95 76
43 56
62 16
10 80
46 56
38 96
94 51
93 48
37 43
3 1
86 25
87 6
78 81
59 53
23 27
27 34
60 52
54 17
59 38
37 99
92 43
22 59
66 53
99 11
38 21
11 30
93 77
58 20
96 95
87 46
37 44
43 20
36 0
33 52
41 67
13 12
31 73
11 75
85 88
51 31
80 53
77 87
45 98
73 40
10 9
68 86
41 2
73 0
19 82
19 70
30 35
81 46
51 28
5 17
87 80
64 10
92 20
5 46
82 64
24 5
40 65
62 0
58 18
38 7
88 57
96 8
16 41
10 14
59 17
12 21
39 11
76 56
75 65
70 90
46 40
35 44
94 97
87 68
2 58
40 75
44 40
23 64
8 93
55 67
85 80
40 92
12 49
77 17
86 71
84 3
33 71
66 35
78 41
94 100
53 55
74 1
88 82
33 35
51 5
11 88
100 74
0 63
51 87
92 58
30 25
79 96
100 27
77 34
63 65
22 90
64 96
22 63
56 62
91 41
99 51
100 42
75 52
44 53
82 35
11 18
51 21
62 30
65 84
52 52
3 100
73 100
96 86
66 81
72 19
47 28
68 75
10 78
27 86
89 83
63 46
3 60
90 45
65 20
50 35
25 37
55 82
96 59
60 41
84 54
46 75
54 23
75 62
100 46
24 83
35 56
90 22
31 67
52 0
78 65
69 72
99 48
91 21
0 60
11 48
81 4
4 88
36 73
60 25
54 69
81 86
2 20
10 30
39 57
81 54
30 31
7 14
34 98
88 8
78 93
43 83
38 62
59 32
30 58
97 93
6 38
44 54
4 51
81 82
93 13
89 52
21 20
74 40
67 93
4 43
44 68
22 43
30 95
42 2
68 65
60 33
32 57
69 87
74 78
98 66
78 90
78 82
4 16
70 64
87 14
82 27
96 97
77 20
74 47
86 84
0 56
42 39
33 26
23 20
47 7
56 13
46 77
4 100
91 100
4 87
82 74
32 3
31 45
78 56
82 90
51 3
66 10
17 16
32 97
80 22
0 12
43 40
51 84
23 51
20 74
78 13
33 74
75 31
54 3
84 9
91 82
61 76
72 7
56 2
58 98
95 75
21 66
57 2
15 98
22 20
76 38
22 82
37 5
73 74
36 67
33 2
61 93
28 65
2 89
89 18
54 16
62 41
25 64
68 18
31 87
66 28
71 38
22 28
33 12
51 49
60 16
51 10
27 70
33 83
79 31
20 49
50 4
68 67
73 62
56 20
84 57
34 87
70 13
86 56
71 85
15 26
55 96
33 43
100 95
57 41
24 15
85 9
71 74
35 34
83 44
72 28
42 88
5 53
98 32
59 77
4 1
59 43
79 87
61 95
97 5
78 91
19 53
24 64
88 95
84 64
35 16
97 9
0 74
53 50
80 55
38 43
8 77
63 47
27 40
7 86
53 78
17 9
51 51
77 10
53 3
79 60
19 29
48 78
93 45
85 78
63 24
22 94
41 55
70 10
84 95
67 27
61 29
44 59
23 99
86 85
23 43
58 69
45 90
72 9
53 42
53 81
13 76
31 96
69 48
87 51
56 17
75 30
77 24
19 15
73 11
76 84
19 72
67 80
9 75
35 92
27 87
45 34
74 20
98 29
3 26
76 6
45 49
55 88
1 50
67 31
39 64
82 0
2 98
13 30
17 25
34 46
22 93
92 98
35 51
18 56
77 62
94 57
98 10
49 25
69 40
81 40
98 77
42 79
95 29
48 22
94 44
84 46
8 81
65 75
35 82
5 21
23 22
56 12
58 39
90 98
0 10
98 95
54 87
61 28
35 11
2 78
48 76
51 19
65 37
32 69
90 54
4 31
97 41
16 60
92 55
32 49
28 16
58 26
92 47
63 49
94 68
30 79
25 67
33 61
28 42
63 91
62 55
84 65
51 59
24 24
37 93
45 80
15 97
2 70
36 3
73 32
41 80
94 90
55 14
49 75
36 81
86 59
92 22
41 29
53 97
60 20
29 32
81 67
63 97
26 81
75 12
50 73
83 53
37 64
46 11
81 50
12 24
7 28
30 30
28 57
99 21
68 56
17 69
28 98
12 2
69 94
40 61
3 82
36 69
96 24
0 41
79 6
49 18
80 48
86 49
57 17
52 98
94 67
0 16
28 49
64 52
57 38
71 83
46 66
49 13
29 79
34 72
21 61
88 18
4 39
13 92
10 84
93 86
51 32
8 16
46 64
11 98
37 42
7 99
93 38
82 46
66 2
44 27
30 22
100 91
35 43
100 50
37 25
69 36
7 34
34 16
18 24
14 46
93 67
96 41
99 70
9 10
75 72
32 43
87 62
25 66
31 11
94 56
89 71
28 93
25 16
43 13
76 100
32 17
94 73
9 16
41 3
16 49
44 61
25 17
12 30
62 35
36 29
23 3
54 8
91 18
20 83
80 20
76 75
37 92
57 68
57 48
44 0
39 60
65 3
3 31
6 51
47 68
95 44
61 19
46 46
80 66
25 75
26 62
44 71
23 4
21 67
30 28
86 96
40 70
17 27
12 63
58 85
68 62
24 87
31 90
43 23
3 67
78 3
26 90
60 67
2 22
66 1
27 56
84 96
94 46
14 6
75 57
7 0
54 15
24 1
65 70
69 67
63 83
87 35
9 28
59 25
100 23
30 3
83 83
69 6
14 76
84 85
53 65
18 80
31 13
66 3
52 88
4 2
91 19
52 64
2 77
10 64
75 84
18 19
94 7
81 10
21 94
16 17
62 78
29 29
1 80
86 50
75 0
82 79
0 44
8 28
13 99
72 32
81 78
71 72
88 70
60 53
67 25
93 46
45 59
82 76
10 50
93 18
27 63
49 10
32 87
33 82
24 98
81 14
31 34
12 69
87 9
0 61
96 88
11 7
90 59
59 85
0 11
29 0
71 87
76 92
48 46
97 23
67 5
23 53
54 96
9 34
29 91
77 95
26 73
21 80
44 78
22 11
92 49
8 69
58 77
19 11
95 31
91 53
4 56
65 81
50 9
53 7
9 26
8 57
58 24
36 43
17 15
16 72
47 88
64 41
91 68
18 75
33 84
8 14
67 37
95 99
1 55
94 82
37 12
18 98
6 87
7 78
71 60
62 64
0 68
6 90
18 49
34 15
65 73
10 33
5 10
57 53
34 85
67 78
66 86
11 71
77 54
0 33
98 18
52 86
74 32
49 40
52 28
1 32
32 75
34 83
41 53
56 15
8 48
57 52
76 74
37 20
99 23
73 83
4 61
99 2
95 40
5 50
77 5
6 29
98 61
39 63
50 60
59 4
78 27
79 70
7 23
6 64
92 14
88 75
1 17
29 80
21 26
70 63
11 35
77 89
73 19
71 71
94 70
10 34
14 20
6 65
89 48
69 2
39 89
61 8
77 72
66 61
13 66
82 72
3 33
85 40
80 3
6 40
33 18
58 74
80 28
28 76
67 35
86 95
71 99
32 24
40 66
96 26
32 46
93 94
55 35
83 0
15 43
89 44
40 24
49 72
75 78
22 86
28 99
36 23
22 48
52 31
53 16
10 75
4 65
57 37
20 4
80 68
25 57
53 35
28 71
20 47
12 52
74 66
64 36
59 44
91 8
38 34
61 48
77 12
91 17
45 42
65 17
52 95
27 33
31 64
36 56
44 85
24 34
12 45
30 14
90 14
43 100
39 59
93 82
96 39
13 43
16 88
96 31
90 80
52 27
0 95
89 0
95 2
41 76
14 19
66 84
74 95
48 25
71 55
52 37
9 98
58 2
28 69
63 31
3 87
54 18
59 16
12 5
61 78
69 43
12 10
34 65
7 16
16 91
37 52
21 15
90 77
79 64
7 30
9 27
5000
87 0
99 7
21 8
60 24
100 98
82 87
26 76
54 65
61 79
31 5
65 65
30 82
4 28
69 44
64 100
95 82
13 27
48 8
94 13
44 56
11 72
35 29
75 40
62 5
29 19
36 99
69 42
6 32
24 97
78 75
28 24
17 3
62 20
29 14
33 34
69 98
10 0
29 73
13 77
74 3
57 40
98 78
77 1
18 59
93 25
2 52
16 59
55 34
11 50
72 38
1 73
61 35
10 21
65 99
63 27
20 95
50 85
94 94
83 100
9 36
82 32
84 59
52 32
9 71
25 5
81 81
0 13
86 89
16 1
29 45
12 3
74 75
3 13
14 35
28 88
6 81
59 20
63 29
60 22
14 78
73 31
64 3
14 64
12 47
40 62
30 10
13 83
20 1
82 13
55 3
10 53
19 24
76 60
10 52
0 80
54 28
80 54
33 44
84 76
16 32
67 29
3 36
92 10
75 88
94 39
16 48
84 30
48 95
14 93
89 39
70 61
89 85
48 16
2 72
51 13
63 50
54 26
30 37
5 65
36 31
50 22
17 75
88 34
77 48
22 72
30 86
15 77
53 49
63 36
42 26
65 39
91 45
81 3
67 96
85 56
90 43
36 91
45 73
5 69
91 25
46 84
77 61
34 71
55 86
60 28
61 73
24 45
78 24
2 0
89 29
31 85
55 23
46 32
69 59
85 22
14 90
25 52
65 61
52 85
11 20
99 56
0 99
37 61
71 89
0 54
47 46
83 21
19 69
73 23
73 21
34 34
73 3
98 36
14 91
94 79
63 84
79 78
36 64
72 46
28 79
22 1
94 47
49 22
73 53
18 63
77 64
81 22
41 87
6 72
56 26
49 9
80 99
66 76
83 5
39 84
74 27
79 56
47 77
93 58
52 63
94 29
41 100
95 37
50 65
21 11
73 73
43 82
10 67
6 41
43 91
4 17
56 67
47 22
18 10
80 89
89 7
64 81
25 44
98 33
95 38
6 48
65 25
62 57
62 29
71 10
86 13
97 18
24 36
100 37
87 70
32 76
2 23
68 27
94 74
1 100
65 23
27 11
95 8
35 96
40 43
94 3
37 96
83 54
69 85
17 87
97 16
29 17
95 23
27 35
1 98
93 51
90 96
53 70
83 17
46 83
9 79
82 6
61 11
83 11
74 2
61 47
88 37
73 92
23 93
92 28
52 70
51 8
16 64
74 100
36 75
95 83
72 64
8 90
35 40
30 39
9 100
70 84
43 21
70 1
68 57
89 94
60 48
13 74
50 40
7 24
12 34
30 94
13 60
46 59
48 54
84 19
45 95
16 6
92 77
73 39
87 7
9 25
94 65
7 48
5 47
85 51
83 55
41 74
79 27
93 49
77 98
81 15
43 22
77 97
31 97
98 100
37 13
51 14
25 70
17 65
44 31
69 73
59 71
79 15
11 0
65 66
87 25
72 12
36 50
12 59
63 89
80 10
10 25
44 55
90 64
0 8
67 45
83 34
33 90
95 81
80 77
31 44
13 16
26 40
51 60
7 13
7 10
7 83
84 42
71 1
26 56
62 11
93 89
41 99
96 4
66 60
37 62
67 66
22 7
94 98
52 49
45 93
7 37
62 27
40 21
39 45
39 40
72 41
48 72
19 78
24 22
95 63
37 87
78 83
33 88
49 4
34 43
38 8
69 56
29 77
54 91
64 18
47 13
25 9
74 22
63 90
69 7
16 19
94 49
71 50
40 67
86 15
8 44
3 46
3 44
63 77
25 33
54 20
28 58
7 22
72 98
36 47
28 13
66 12
7 39
21 93
47 38
76 45
65 91
15 10
10 81
81 39
28 74
85 93
45 35
68 0
100 32
76 59
89 88
1 24
58 63
3 41
47 54
3 96
82 88
56 35
25 27
79 41
10 17
21 14
4 89
17 17
12 23
57 33
47 55
30 29
41 37
52 6
15 66
53 18
62 75
46 3
67 52
80 100
73 64
67 4
73 63
73 70
9 29
17 88
70 70
70 0
70 80
31 8
90 20
69 22
6 57
49 2
72 51
73 84
48 23
13 9
52 30
51 69
65 27
12 19
60 80
72 59
70 67
19 89
94 43
30 1
15 16
48 45
99 99
44 14
34 13
81 49
70 41
92 57
49 84
97 53
66 21
93 19
78 96
92 56
15 15
73 8
51 81
33 87
40 12
75 38
69 49
28 51
8 100
64 49
28 87
32 73
1 2
26 93
30 96
25 71
39 52
8 29
59 42
59 81
10 48
18 94
51 63
52 58
32 6
97 50
78 71
25 15
1 40
51 62
87 63
73 2
2 75
21 29
54 27
23 16
28 32
90 29
59 1
87 48
98 86
57 66
20 20
42 37
45 20
46 70
17 43
4 21
16 50
24 61
24 37
53 71
96 18
40 81
70 74
88 90
34 14
58 71
45 51
19 60
24 58
22 83
99 28
14 48
25 93
92 74
51 39
2 84
53 19
84 82
91 58
9 65
85 64
13 40
71 57
24 72
67 79
22 21
15 72
35 89
48 28
15 91
20 100
14 72
86 33
97 46
29 47
51 4
19 28
56 74
34 79
90 73
11 65
79 20
19 92
35 47
89 25
11 96
74 12
1 22
90 18
96 79
76 79
23 29
65 51
53 32
20 22
97 88
22 24
55 70
89 35
63 37
8 25
93 50
83 27
19 48
95 88
9 17
6 69
12 66
16 34
87 18
48 79
51 42
34 50
23 19
38 13
15 30
67 6
88 47
44 84
18 78
88 16
64 34
53 46
3 5
58 1
29 66
61 82
13 44
78 14
67 13
29 44
90 33
84 28
85 81
85 87
54 55
82 51
82 53
72 33
37 51
55 57
34 56
11 24
8 38
78 37
95 48
58 12
61 53
99 57
5 86
17 1
44 66
51 15
0 66
13 64
5 60
79 58
63 22
50 67
26 71
83 51
100 25
32 92
47 44
51 66
51 95
41 20
24 86
13 78
100 40
18 16
100 12
5 33
26 61
85 38
70 95
58 84
17 100
73 20
99 8
12 53
32 48
91 15
64 8
36 100
27 90
12 11
83 19
16 11
5 79
44 38
25 95
89 80
49 91
29 89
45 15
9 76
44 94
10 6
74 74
3 12
76 95
85 66
38 32
13 37
36 10
100 81
55 31
30 11
62 95
24 29
36 48
28 44
5 96
66 33
11 21
5 67
84 7
56 82
74 72
66 87
49 81
39 38
92 27
19 23
82 20
19 80
73 89
40 59
3 51
41 85
8 3
65 5
59 9
29 74
17 90
41 38
17 40
54 79
86 35
46 14
90 81
82 41
58 95
35 86
36 86
3 81
50 95
50 17
73 36
68 53
90 76
24 19
58 0
60 31
21 16
40 60
92 84
84 35
51 22
23 48
89 28
32 0
80 50
29 55
0 45
91 67
1 81
42 8
95 84
68 47
96 19
12 43
53 37
79 61
56 29
53 30
84 71
76 25
70 5
1 53
64 94
57 32
88 45
15 47
29 42
98 81
98 41
94 0
79 11
23 67
6 16
8 20
49 62
82 66
85 100
27 97
47 3
73 51
1 52
6 20
50 46
82 3
94 10
57 21
13 52
61 57
27 98
29 20
10 85
0 3
64 17
71 53
62 58
5 35
67 97
48 57
15 18
97 100
71 49
80 78
42 17
26 49
33 98
100 97
4 84
44 74
97 12
8 63
98 26
51 61
67 12
96 35
76 0
20 57
62 19
78 87
63 98
67 16
39 50
5 66
34 29
36 63
81 100
26 13
21 77
81 60
94 48
39 76
4 76
92 46
85 85
97 64
62 81
67 92
72 91
32 27
39 73
42 40
9 47
87 23
16 68
88 68
31 22
73 29
88 27
78 64
86 30
62 42
67 2
67 58
92 35
46 92
26 63
26 86
96 51
70 91
76 37
70 50
59 82
21 62
14 41
94 35
76 55
83 82
81 16
5 38
38 70
43 9
90 92
6 77
82 8
75 90
41 98
31 3
75 34
73 43
33 63
68 34
66 100
63 54
97 84
6 6
64 45
100 57
72 15
57 93
28 73
49 8
90 39
65 79
27 5
80 52
13 3
1 74
32 40
65 11
43 25
30 74
74 33
34 38
82 9
30 60
75 46
43 52
74 64
71 47
49 3
37 73
86 87
83 71
27 96
26 75
84 43
61 44
76 1
27 69
96 43
40 0
98 97
36 44
1 15
73 33
47 35
61 3
100 56
31 47
53 36
19 85
13 71
78 72
41 44
69 58
68 50
95 47
85 52
10 23
9 50
79 63
21 31
3 53
95 19
79 45
95 92
86 28
11 53
10 31
23 11
11 92
40 20
32 36
18 1
66 59
98 82
62 8
62 9
6 98
55 2
89 97
77 49
24 49
8 70
59 35
51 11
38 44
100 73
47 69
76 33
25 88
20 90
87 34
18 54
56 9
11 13
48 52
45 40
73 87
91 27
27 72
62 79
48 18
62 44
3 0
58 9
79 33
60 59
26 29
77 55
42 71
36 82
76 43
45 70
72 34
54 2
36 66
34 68
97 69
12 78
93 17
93 83
18 52
82 92
61 26
76 53
10 8
97 20
91 56
84 69
7 54
5 82
73 96
98 49
25 74
28 17
74 10
65 29
45 54
11 31
41 0
53 24
1 70
36 80
21 9
33 95
85 96
68 8
5 90
6 54
42 48
86 79
95 46
91 6
25 39
34 75
91 93
74 65
79 82
22 58
44 49
59 15
86 64
75 92
18 33
14 21
24 63
27 23
44 65
31 66
11 43
76 96
78 61
4 10
81 55
16 28
44 33
45 58
88 44
79 38
55 27
91 75
25 49
65 16
43 32
4 24
37 94
60 65
45 4
17 60
79 94
45 29
99 40
38 3
35 97
76 19
47 32
85 50
47 57
11 77
10 41
88 46
7 1
84 91
9 92
34 19
82 57
92 23
34 25
97 37
60 92
24 70
1 37
28 25
71 7
64 27
28 89
88 38
28 3
86 20
97 6
38 78
23 26
88 59
73 98
72 77
86 86
53 41
6 75
87 95
36 11
22 36
24 16
76 3
58 72
34 44
18 25
43 50
0 76
93 56
52 18
64 6
23 78
19 6
74 19
76 35
33 39
11 37
96 33
75 27
74 0
77 28
84 62
30 78
89 75
56 5
16 36
49 49
95 28
2 88
7 50
43 7
40 50
51 85
85 84
90 86
55 48
45 78
71 95
2 99
10 13
96 99
87 30
59 11
66 99
95 17
15 49
35 79
33 3
68 48
27 24
60 68
41 71
29 98
4 70
92 12
63 61
86 91
89 11
37 40
40 15
36 96
21 91
12 75
83 16
98 24
74 28
11 39
83 81
92 18
76 39
83 42
47 29
39 78
38 73
63 25
81 94
90 84
37 90
62 28
30 51
42 62
70 46
80 2
13 75
81 96
4 83
1 64
81 97
12 83
2 21
88 22
8 82
0 31
9 82
23 41
65 85
25 34
45 64
100 1
0 70
55 29
2 33
91 47
41 54
10 22
20 65
41 16
31 98
91 81
67 38
38 88
30 13
95 85
39 41
47 37
2 45
4 79
24 32
16 93
65 36
67 57
16 23
97 51
76 62
59 56
16 77
8 84
87 79
19 20
6 23
80 97
43 90
45 28
46 63
1 69
18 46
17 79
50 6
96 6
22 14
72 2
2 39
1 47
63 95
20 30
74 30
47 91
75 64
29 82
70 55
17 39
19 93
27 9
94 26
4 68
100 63
10 32
69 96
27 79
39 3
14 24
37 70
20 10
97 98
76 36
74 61
19 13
48 69
90 21
92 96
68 64
94 21
16 16
5 64
3 30
86 75
56 94
79 8
5 77
46 76
99 89
91 70
24 26
43 75
70 31
36 93
33 20
67 64
48 93
29 86
79 21
44 44
19 39
84 32
54 11
59 75
48 60
27 73
68 63
81 23
42 22
63 12
38 86
54 5
96 83
57 64
22 22
85 21
100 71
40 6
55 63
82 39
93 73
22 98
57 54
74 37
6 56
91 91
42 100
91 26
12 90
72 50
42 66
47 85
53 73
95 13
24 25
18 9
39 2
77 23
37 6
17 76
6 21
34 89
35 69
79 34
98 79
37 86
15 100
56 33
43 96
72 57
79 13
74 80
19 71
35 30
34 37
43 33
72 67
81 95
93 87
63 23
89 82
32 98
63 72
96 46
72 4
80 74
56 27
31 51
64 88
98 71
50 52
16 44
53 44
0 67
10 19
52 68
58 5
71 19
28 28
66 94
71 58
87 89
35 31
91 12
73 90
49 59
76 44
52 22
41 28
2 6
44 22
60 75
98 85
53 17
83 62
24 66
65 48
0 32
14 94
26 32
33 38
22 53
18 69
79 88
23 76
93 81
26 45
78 32
76 23
97 90
79 30
60 39
37 8
1 67
74 53
71 84
24 28
77 69
89 90
33 48
82 50
92 82
27 85
14 2
57 82
44 99
24 77
46 100
12 41
1 57
54 39
91 24
91 49
74 23
66 58
91 3
91 90
21 69
60 32
46 45
96 44
74 62
23 87
74 6
81 84
54 46
32 12
54 47
93 74
82 93
64 86
35 19
8 58
95 18
55 4
69 0
2 96
75 74
78 19
98 48
17 66
46 12
60 1
55 69
56 95
98 90
65 43
47 51
91 66
22 79
53 88
2 54
78 69
27 38
67 9
92 88
19 18
85 86
61 89
81 2
61 55
1 16
76 85
23 46
12 14
26 65
22 47
46 20
51 29
35 1
48 5
100 82
87 67
99 20
4 99
9 24
35 54
75 43
7 17
5 13
36 8
10 93
53 21
41 69
29 11
2 12
4 9
100 62
76 67
62 21
88 20
12 85
33 76
94 77
63 1
1 90
49 29
86 58
15 48
60 96
99 74
79 17
49 74
61 32
94 24
55 87
33 94
39 12
68 15
14 33
45 47
17 11
60 40
3 64
89 32
82 67
44 17
77 13
68 1
24 39
57 49
15 17
45 67
65 77
7 44
88 88
34 33
31 32
4 0
23 24
87 11
2 15
70 62
12 65
30 93
35 20
84 92
72 94
92 63
34 94
73 47
54 34
23 83
7 94
37 83
67 74
77 46
53 31
58 42
40 1
84 77
40 97
0 64
18 82
58 22
58 3
82 49
34 26
62 94
77 31
47 66
20 86
49 45
44 100
66 26
25 28
71 25
47 10
37 9
40 37
58 44
51 77
49 31
50 76
61 45
23 85
80 69
99 67
84 47
15 46
79 25
43 57
20 41
13 11
34 28
14 63
39 54
11 73
70 47
28 7
61 75
32 88
52 54
34 6
28 94
10 5
34 80
33 42
28 1
36 32
91 96
45 92
33 96
54 82
83 23
16 0
1 76
57 90
40 31
16 55
48 21
26 52
47 21
63 17
80 15
4 22
87 57
94 2
5 72
52 55
77 21
3 47
86 2
16 78
8 72
60 64
97 8
50 29
46 34
17 20
3 92
17 10
70 38
32 18
64 32
22 2
36 30
90 82
0 2
28 12
11 94
12 79
55 97
92 19
63 5
12 38
90 48
17 45
96 9
48 97
15 53
29 10
76 40
12 74
99 35
86 99
74 48
7 100
84 45
48 99
15 55
68 19
54 1
80 59
73 60
35 90
33 15
63 68
93 7
35 0
47 78
35 74
44 52
33 8
36 61
99 1
55 8
29 27
82 28
60 49
68 52
44 6
74 96
60 72
20 78
97 19
48 37
35 12
33 59
15 71
24 69
69 21
30 24
71 24
7 60
84 25
15 87
81 89
19 88
3 58
61 36
82 75
80 82
16 52
87 64
49 58
32 44
51 40
67 3
62 40
52 40
46 99
29 56
58 81
1 60
18 5
63 92
62 61
3 10
11 2
89 61
15 70
81 75
10 97
51 94
27 53
82 63
2 47
88 7
2 66
16 69
65 46
84 61
30 43
21 78
48 15
96 73
18 15
91 37
74 88
47 2
87 87
65 72
54 76
15 0
91 31
86 42
57 25
14 67
82 83
46 90
19 59
65 55
18 88
12 9
61 34
46 23
54 42
78 39
59 24
0 14
78 54
41 18
81 85
86 44
51 53
20 59
40 4
28 20
8 74
92 75
42 31
65 98
21 35
9 64
14 88
84 98
66 48
67 51
100 85
40 96
81 51
23 84
53 22
96 3
13 4
41 22
93 0
64 63
88 61
27 43
78 15
36 25
26 66
80 40
97 33
90 40
56 55
28 39
32 54
16 81
71 46
70 15
41 49
68 9
58 34
16 47
11 76
55 6
20 93
71 92
13 1
86 60
7 9
87 88
89 62
100 86
34 57
85 36
19 21
76 20
96 68
98 19
68 17
83 29
1 93
72 69
52 50
32 78
42 25
40 45
34 81
55 43
83 90
18 37
28 36
77 41
27 66
23 9
51 80
96 61
76 46
47 61
34 61
40 29
66 69
77 6
11 28
21 33
48 91
32 56
11 60
45 85
42 61
90 56
21 87
64 71
98 59
61 80
82 42
48 80
58 68
1 11
36 19
37 41
47 95
72 81
16 2
93 5
89 16
72 66
85 79
79 73
70 49
22 49
73 66
66 50
25 100
84 34
54 40
61 1
2 42
37 82
18 36
89 96
0 71
8 13
93 26
70 97
71 22
84 84
82 12
64 53
43 76
67 40
70 43
45 94
26 67
97 56
86 67
35 28
59 30
77 94
84 39
87 82
3 38
66 47
85 37
25 84
11 47
17 74
66 56
19 54
26 31
61 49
60 84
42 19
81 26
74 91
69 71
20 94
90 38
92 52
68 42
30 5
13 87
32 33
99 31
40 83
57 23
96 58
96 10
63 35
60 50
61 87
15 42
31 89
16 26
39 61
7 59
59 29
54 85
27 19
25 97
32 34
90 52
9 0
31 26
24 100
84 10
19 42
56 93
17 41
64 31
97 31
15 96
80 58
100 61
58 76
32 51
60 29
43 2
21 50
5 29
29 61
18 41
42 0
32 10
15 41
38 25
88 71
63 14
62 89
23 58
83 64
40 87
49 96
16 71
24 8
88 76
29 28
15 84
89 9
43 30
73 58
5 76
85 91
24 42
65 31
70 12
72 3
28 43
59 76
43 72
3 71
38 65
67 11
2 95
35 50
50 83
60 11
14 31
73 5
66 89
33 66
87 44
36 22
29 51
74 99
70 3
99 10
85 31
36 65
52 76
23 13
47 71
93 15
74 68
94 34
62 15
92 60
13 93
74 87
26 21
64 70
52 35
29 48
48 92
24 71
80 39
50 11
14 74
6 85
55 80
53 76
13 55
75 80
99 39
32 30
91 59
3 21
74 44
36 88
10 100
14 29
30 4
19 74
66 43
15 3
26 35
14 77
86 7
10 77
55 12
83 10
35 3
0 77
63 8
87 32
72 16
77 4
58 43
80 81
62 32
89 17
48 58
37 81
72 95
52 45
72 40
85 42
39 33
33 68
4 58
90 69
28 53
52 80
56 97
61 25
29 84
5 40
96 65
3 4
76 14
19 47
70 48
47 79
66 96
78 73
45 68
68 45
57 45
43 24
39 24
88 89
53 39
19 12
62 69
87 47
3 55
11 41
87 26
44 4
32 2
95 27
61 97
21 90
58 46
49 100
90 88
62 91
10 61
75 91
65 60
42 43
89 79
74 59
55 10
98 4
77 68
54 41
96 71
8 30
81 47
57 76
37 45
53 98
29 57
58 14
99 18
78 43
54 63
18 42
38 100
56 18
78 88
69 99
34 8
52 46
30 64
45 31
36 5
31 80
3 39
0 59
50 42
91 9
98 87
39 83
74 31
58 28
12 99
46 53
13 25
97 71
10 74
61 50
43 73
85 11
37 18
56 68
34 3
99 92
93 84
88 11
60 55
58 56
42 78
99 50
79 99
80 96
49 95
43 35
57 47
21 92
49 17
13 94
65 93
26 46
54 54
93 91
88 85
97 61
18 48
56 37
35 80
77 9
82 89
56 16
78 51
48 41
96 67
10 38
82 31
97 0
60 66
23 73
41 41
20 96
61 41
48 89
21 60
61 96
67 17
69 51
69 74
23 92
56 92
68 10
33 37
30 99
58 64
55 9
71 42
73 30
53 25
50 36
57 19
36 42
26 36
31 57
63 100
53 75
6 36
0 9
33 100
24 13
86 40
16 85
38 45
67 22
51 58
52 78
51 35
19 62
24 14
12 50
22 100
86 68
73 49
1 25
3 2
79 14
60 44
6 10
3 18
96 12
84 1
59 79
0 28
19 94
37 74
46 38
48 31
45 77
28 54
98 17
96 23
27 91
40 86
20 68
4 71
71 91
48 27
95 42
85 46
50 78
41 97
9 22
95 20
50 90
62 10
39 74
10 83
98 58
91 36
81 19
89 20
20 81
98 84
95 43
83 9
58 35
36 6
16 70
96 64
66 83
72 27
46 86
14 17
83 68
81 48
14 53
86 5
72 0
30 33
0 57
75 83
96 82
42 99
41 19
90 9
71 31
58 13
24 35
10 86
0 46
64 29
4 23
41 21
79 37
0 55
8 98
88 84
98 63
59 96
34 32
74 35
74 11
43 86
17 93
27 78
22 16
25 90
68 83
1 49
73 82
86 12
56 77
36 70
72 76
16 98
92 40
13 7
82 61
58 25
26 47
71 9
20 6
20 55
38 98
41 57
8 15
79 75
34 52
29 100
42 5
42 81
92 92
90 19
95 60
100 65
49 5
41 39
57 94
30 72
35 35
65 30
52 43
12 89
51 37
31 99
44 93
20 76
88 58
1 43
78 6
14 54
33 22
80 64
93 93
40 13
6 24
15 9
8 73
13 0
79 98
25 14
9 91
15 82
14 85
76 98
94 32
2 67
3 69
49 78
5 98
26 28
99 9
75 56
96 30
14 38
30 70
0 39
11 49
65 63
77 52
62 56
74 67
9 85
56 38
98 83
75 50
33 65
66 14
18 47
54 49
92 11
4 33
89 24
11 70
14 22
31 92
55 71
15 68
6 5
83 25
20 28
81 28
86 16
33 69
98 47
5 28
97 59
20 3
27 6
21 44
74 73
92 97
4 25
76 64
96 94
71 23
64 39
56 31
28 63
24 65
42 7
33 47
81 20
32 32
77 45
55 85
9 51
39 9
95 6
46 48
97 68
79 57
26 94
8 23
100 0
8 56
46 10
77 90
0 96
30 20
21 43
62 70
41 89
10 68
97 28
54 81
43 94
88 73
16 83
63 6
49 82
56 63
94 31
77 65
100 35
3 99
80 72
98 70
59 62
7 56
70 65
77 82
61 43
16 14
56 84
82 44
60 9
44 64
14 75
25 89
5 1
2 31
24 76
21 95
42 57
69 45
71 51
87 41
83 78
71 88
74 7
87 81
57 70
84 22
61 74
48 35
23 57
12 46
10 28
42 29
90 79
45 97
31 72
61 77
90 47
31 39
19 45
32 55
32 29
79 26
15 50
65 14
15 80
1 13
90 67
42 52
14 23
38 19
28 81
44 89
15 25
83 28
17 48
97 11
63 66
80 25
85 68
34 82
94 36
88 97
7 88
8 67
10 73
47 84
56 83
1 88
48 96
62 6
95 70
5 24
39 93
7 35
50 27
55 74
53 64
97 43
88 15
100 54
33 89
19 3
37 54
45 71
33 64
75 49
68 25
54 74
21 58
9 45
56 85
47 4
1 65
100 89
95 34
27 32
68 97
100 60
60 37
23 100
15 67
34 100
35 57
65 50
81 52
88 64
70 36
46 89
4 8
6 2
27 94
26 6
40 69
87 78
59 90
54 95
1 34
55 7
27 8
66 70
87 65
61 52
58 66
17 14
30 48
69 54
67 1
15 73
100 38
61 71
6 67
72 90
50 49
22 23
70 83
2 9
23 77
22 41
69 68
33 11
84 75
13 84
63 71
33 13
99 71
80 23
26 92
79 52
13 47
89 66
1 59
37 50
2 85
93 63
98 46
10 55
42 82
96 21
69 82
26 11
76 7
99 94
7 25
48 20
76 8
24 44
96 2
73 6
10 90
12 0
0 1
88 43
92 38
89 33
70 16
55 78
92 50
24 38
67 71
82 33
22 87
85 8
44 69
60 91
52 91
47 18
67 48
92 13
37 15
29 53
53 15
1 95
100 16
28 91
24 75
50 57
15 13
86 36
96 49
20 88
92 67
95 24
83 61
64 13
7 68
96 32
3 76
97 73
92 81
23 38
24 53
70 99
6 59
45 55
9 30
39 91
88 36
86 43
38 64
35 73
55 77
19 100
78 86
56 48
99 61
66 75
54 7
17 80
41 88
63 99
75 75
64 23
49 51
59 22
12 77
26 15
60 95
97 27
47 70
71 90
60 82
55 89
10 51
53 33
73 78
4 4
69 55
38 89
88 19
19 98
9 48
7 81
64 40
2 24
64 58
9 96
30 80
41 78
80 46
61 16
37 21
23 17
62 65
73 80
56 54
29 95
39 34
87 90
55 32
6 3
69 77
29 31
79 22
95 21
0 92
10 63
1 29
38 28
42 54
16 40
74 83
3 59
77 66
36 17
97 24
93 41
12 18
41 46
58 30
18 97
3 70
85 89
54 92
21 2
48 94
56 50
69 14
28 86
57 16
24 81
15 54
38 50
78 62
24 48
92 25
94 1
5 100
67 28
83 77
69 88
71 13
98 75
2 60
34 20
72 1
57 97
96 17
14 100
93 4
17 50
86 19
16 8
6 55
63 67
25 24
41 24
44 96
33 79
6 47
79 55
3 88
74 98
46 47
68 39
100 20
57 63
6 79
94 71
44 36
59 58
97 38
25 23
57 78
40 58
68 69
87 15
99 33
56 64
35 10
65 13
92 33
3 90
75 26
75 2
43 46
57 5
79 4
87 17
10 26
32 64
36 60
84 36
58 11
72 85
16 89
16 18
64 60
70 34
40 17
93 70
97 63
91 62
21 52
65 47
57 43
83 3
53 27
74 92
42 73
14 43
62 83
42 32
67 18
3 16
39 71
68 21
47 93
23 42
23 18
62 3
64 83
2 65
75 71
7 45
19 17
48 43
21 99
60 71
8 40
86 32
94 30
89 42
6 99
9 13
27 84
87 53
70 66
53 53
16 21
9 14
35 99
76 15
3 7
68 2
27 88
37 22
11 86
2 97
64 20
92 70
33 14
69 18
81 79
44 13
41 52
9 67
43 99
62 54
9 66
70 40
9 78
39 66
40 79
43 88
24 10
20 43
62 50
23 40
40 40
92 93
88 9
31 30
16 58
69 91
41 26
6 70
24 52
94 54
46 79
59 49
39 95
74 79
88 66
94 99
15 22
56 60
21 73
54 70
3 95
47 43
73 56
25 61
8 99
93 65
51 43
15 90
85 57
60 85
42 34
65 56
44 12
32 74
30 71
61 18
59 99
80 75
9 57
94 64
100 15
82 40
59 51
71 52
80 35
78 46
17 58
48 90
34 10
41 95
28 45
55 17
5 81
26 91
48 65
5 51
52 41
97 52
13 100
77 22
92 78
50 5
22 62
2 10
85 30
91 86
13 13
52 7
23 88
68 60
100 59
50 38
61 39
70 42
68 35
45 36
50 55
70 79
28 10
48 66
35 85
74 52
90 17
4 13
59 26
95 62
64 64
50 16
38 79
93 12
89 74
39 1
1 78
98 35
71 15
73 76
19 64
67 44
86 22
35 53
45 87
2 86
62 12
19 83
52 34
87 36
45 76
39 0
54 62
100 99
23 95
63 0
38 39
49 93
20 69
59 60
35 6
31 48
14 66
0 52
23 36
18 68
50 41
49 41
87 40
92 42
28 37
61 84
44 30
49 27
22 88
24 90
7 82
85 10
46 54
32 28
64 56
59 52
82 7
65 32
22 64
14 5
42 10
54 37
0 48
54 31
92 34
81 6
20 44
55 68
22 76
64 87
94 16
87 5
37 63
88 41
27 28
78 7
72 68
46 98
0 40
87 74
32 23
22 12
5 74
22 38
73 65
62 48
21 23
95 89
78 5
70 18
61 63
15 74
76 76
22 0
24 95
7 70
56 99
79 50
43 59
77 58
70 6
45 9
50 21
57 84
82 62
85 27
3 74
46 17
15 23
77 60
43 89
49 1
99 66
36 59
99 5
13 97
100 9
72 39
94 95
80 27
5 18
61 13
100 77
50 66
33 81
30 76
75 24
18 6
4 11
24 51
30 44
48 51
18 13
73 94
75 100
7 66
92 41
59 98
27 61
60 58
93 2
89 49
23 30
28 34
46 88
20 40
34 24
56 0
14 4
80 60
54 84
23 94
58 60
83 30
3 63
77 76
25 3
64 67
90 83
18 53
35 33
34 53
31 59
62 25
74 94
4 38
56 61
75 53
100 29
48 67
100 36
78 45
45 84
43 93
80 34
98 93
44 28
39 47
8 62
89 34
56 57
94 11
40 53
68 98
66 15
94 52
36 24
48 81
91 39
23 52
90 10
24 21
41 43
34 48
98 40
30 42
54 78
86 45
88 0
19 77
40 71
99 30
44 87
56 51
38 97
53 13
81 72
68 23
52 15
86 80
39 6
17 31
36 28
51 2
56 30
26 7
27 89
85 43
28 67
31 71
29 24
22 4
91 98
38 29
14 27
15 11
36 94
35 41
12 31
33 54
71 30
80 44
98 45
51 65
5 8
93 3
67 46
90 3
25 83
56 49
39 26
46 49
25 48
42 35
14 69
82 59
34 90
31 33
79 23
17 78
69 70
88 25
6 71
7 98
38 4
41 12
29 15
83 49
96 84
100 11
28 0
19 61
16 86
30 8
29 16
64 47
70 21
29 52
69 39
4 95
18 60
83 58
58 37
65 59
96 69
8 65
80 29
46 36
60 21
62 52
51 86
86 31
18 62
6 58
37 91
93 100
27 46
43 12
6 49
27 29
36 45
36 71
49 38
27 0
34 21
52 83
48 44
42 33
40 28
69 52
99 83
35 13
8 17
99 60
57 22
86 0
66 39
84 8
40 64
27 55
40 78
58 41
15 6
59 100
41 92
89 76
65 97
31 35
84 50
23 89
9 55
3 62
93 9
64 66
33 19
75 33
5 49
32 83
99 88
15 69
93 14
64 54
20 2
37 37
64 90
19 63
75 4
22 68
99 80
8 1
0 51
42 69
65 2
8 41
34 78
57 10
85 29
64 1
27 30
55 52
86 52
9 15
2 82
14 51
77 67
29 6
7 53
8 7
15 60
56 90
36 98
4 19
70 96
75 15
19 86
69 27
13 48
97 81
43 54
19 87
52 73
76 90
60 56
69 78
61 51
35 68
79 16
23 10
40 63
29 50
49 57
26 41
34 86
32 81
32 71
39 42
91 22
48 87
18 81
94 89
32 38
97 95
28 46
77 35
22 19
4 5
32 91
12 48
25 11
56 41
85 12
11 17
4 35
98 30
100 53
80 9
13 51
99 58
32 96
93 42
66 68
66 52
25 4
83 50
42 12
50 39
85 34
64 98
89 95
1 62
87 1
4 49
19 22
24 62
17 61
58 57
84 29
92 72
18 39
38 71
44 97
22 15
3 24
52 9
37 98
99 19
66 54
93 31
41 56
9 95
48 38
58 32
9 19
62 98
50 59
89 43
95 64
52 56
17 72
1 41
100 6
19 55
7 73
67 30
15 94
12 68
56 7
98 91
17 35
21 37
75 23
40 25
81 5
6 18
20 31
93 21
57 50
11 25
67 24
93 36
99 90
87 69
23 32
42 58
77 33
21 71
26 42
49 16
10 4
74 69
54 98
90 27
38 94
15 65
90 37
38 12
59 70
27 81
49 20
88 30
28 92
97 99
27 99
52 17
50 43
86 88
81 7
49 71
100 88
17 57
55 18
51 41
71 54
4 26
40 44
36 2
46 26
72 99
87 94
35 88
19 2
17 32
14 7
25 96
14 86
82 77
46 60
9 84
63 62
90 71
99 54
37 4
19 9
8 43
7 43
75 55
69 4
50 24
80 61
6 44
98 37
72 6
55 19
95 98
66 4
63 45
75 41
9 20
90 24
11 58
29 64
5 4
87 75
71 78
42 80
60 36
80 87
7 90
39 94
51 24
65 52
75 63
60 69
93 90
87 13
10 39
53 29
43 15
93 30
20 53
89 40
56 43
21 25
54 89
33 30
33 41
0 79
1 27
74 77
2 32
78 80
38 35
90 12
73 44
31 63
40 9
85 72
90 65
20 37
29 37
61 7
87 4
19 44
57 59
95 90
21 0
47 30
17 95
12 35
95 36
34 4
91 34
8 51
32 31
49 39
8 85
17 22
25 87
58 73
69 16
81 13
9 44
55 36
29 93
94 76
12 82
53 0
62 18
26 18
43 1
91 87
66 78
60 4
6 66
76 82
93 69
8 6
71 28
52 90
1 9
18 96
14 39
17 77
91 74
6 62
30 17
37 26
58 58
76 86
40 99
59 10
28 22
75 1
26 97
58 33
7 49
51 9
45 30
7 80
95 51
63 80
43 53
34 12
73 14
55 51
96 7
22 84
88 53
36 15
87 83
35 48
46 13
53 85
6 13
45 16
19 68
69 37
30 62
57 65
43 43
57 95
19 91
67 95
30 87
75 14
90 62
80 11
82 23
15 52
88 62
99 38
42 87
69 79
57 42
99 34
72 74
75 54
68 71
19 50
65 53
100 26
83 38
9 23
80 6
50 37
71 37
56 39
23 81
29 58
6 22
99 91
72 43
52 59
78 94
45 18
95 56
47 15
33 73
99 41
16 53
89 21
97 14
74 26
30 52
42 68
40 73
14 79
48 98
30 41
4 3
21 85
85 24
2 91
72 53
16 99
37 33
9 2
91 4
65 22
30 21
18 89
1 45
44 16
90 89
35 5
34 30
54 83
35 58
50 48
85 74
35 91
11 22
27 47
47 87
39 13
48 84
18 4
17 0
8 9
7 46
84 12
68 32
7 55
63 3
22 34
20 14
21 3
40 90
99 65
12 96
42 49
23 75
86 83
63 48
97 79
32 52
85 60
70 2
42 65
87 55
11 61
12 71
45 7
67 61
73 85
69 31
100 80
5 70
57 98
87 97
98 9
59 86
69 64
43 62
9 38
52 2
64 48
19 25
25 82
51 90
59 54
36 79
39 86
88 81
48 7
86 81
57 39
41 59
100 87
57 0
59 72
60 78
82 22
64 12
88 83
27 57
70 7
58 86
24 92
7 27
66 11
0 90
49 32
41 61
14 56
78 66
76 29
47 5
70 19
24 3
82 97
88 63
44 25
33 31
32 26
3 48
60 62
68 78
49 67
46 29
97 36
97 32
45 37
49 86
10 58
57 8
77 8
4 75
21 46
37 14
74 13
67 23
22 31
24 43
79 76
64 9
29 25
76 2
82 81
3 98
57 85
52 96
62 2
42 67
48 83
85 3
83 14
45 57
89 5
70 51
47 36
18 93
21 38
14 68
25 99
80 33
7 12
35 18
87 28
65 21
95 35
71 44
53 56
4 18
65 41
72 21
25 78
81 64
10 76
39 58
75 81
59 8
39 16
76 63
51 72
99 78
49 83
56 66
77 93
8 86
40 47
39 72
36 90
5 55
15 75
7 21
18 43
69 32
68 87
9 40
62 71
17 63
90 55
44 72
70 72
61 94
53 82
30 32
100 8
82 36
21 21
69 33
88 55
64 77
83 89
13 85
8 76
98 12
6 28
75 93
86 41
91 23
77 30
9 80
80 84
92 36
46 52
15 4
5 63
38 77
61 99
83 73
31 56
53 67
60 35
12 94
65 80
98 31
19 0
75 98
83 8
0 0
89 13
64 62
42 20
53 90
56 71
86 54
30 9
18 74
54 25
89 81
21 17
16 4
59 41
68 80
66 64
100 83
14 97
54 44
49 11
44 26
11 66
47 80
48 47
91 89
30 0
55 26
30 68
98 34
20 64
69 15
6 53
37 29
66 42
34 76
39 68
77 3
97 10
46 16
88 23
32 80
63 39
30 19
52 36
5 7
1 56
51 34
97 65
74 8
18 72
100 76
74 34
42 15
62 87
83 1
20 38
19 36
94 37
56 70
95 93
46 80
64 92
35 27
45 52
36 36
39 29
18 17
4 90
48 56
4 92
39 14
39 23
31 75
80 93
91 29
46 97
49 87
48 85
5 41
25 92
75 82
88 33
41 8
51 50
35 71
32 86
92 79
97 87
53 89
84 52
56 25
71 61
87 71
95 7
51 48
14 98
26 59
29 59
91 77
97 86
85 32
78 53
28 9
7 6
95 3
40 56
43 69
6 27
68 40
76 17
97 96
29 69
2 59
96 36
33 50
0 21
49 47
55 20
39 79
8 4
82 78
15 85
13 38
25 56
66 73
30 53
22 17
37 34
30 54
88 69
12 56
85 82
66 66
98 20
64 25
10 91
96 57
99 36
86 24
97 62
74 54
65 86
98 43
14 36
21 7
32 4
89 19
44 35
47 97
2 8
39 65
55 46
4 42
63 19
13 57
93 1
66 6
99 68
40 34
0 37
24 99
0 34
88 72
20 7
26 38
79 59
2 5
64 93
96 92
34 47
8 55
88 2
80 43
64 91
0 53
84 55
11 5
72 82
80 86
41 40
97 3
69 10
17 29
79 7
51 64
53 91
1 12
67 54
93 61
42 18
17 46
13 81
17 34
72 10
67 77
98 7
8 32
46 15
82 69
33 53
23 68
94 87
79 68
3 79
58 94
9 56
72 61
51 52
83 80
48 9
33 70
65 45
83 35
10 94
18 58
71 100
93 59
9 3
41 81
48 63
96 63
99 98
79 91
49 6
40 3
78 89
31 84
55 1
20 42
58 21
78 29
29 99
46 74
79 39
45 14
83 67
31 52
51 54
73 88
62 31
49 46
41 34
55 41
45 8
85 13
24 84
78 68
33 10
79 2
25 41
49 68
93 6
49 94
41 62
32 62
30 36
0 17
84 14
56 46
78 67
79 79
72 45
81 68
39 19
88 21
23 50
72 13
13 14
0 86
53 1
76 88
66 7
27 49
97 26
52 97
23 12
10 92
16 80
2 18
53 6
69 75
1 10
38 68
10 2
65 100
36 18
50 33
65 96
5 30
45 56
15 62
93 79
12 12
59 21
41 65
60 34
50 13
40 85
100 24
24 94
95 0
97 54
88 100
48 32
4 36
11 80
52 42
4 48
6 46
88 94
13 54
65 78
96 52
99 43
32 35
46 21
11 55
40 38
94 80
49 80
95 95
89 54
89 51
19 27
24 60
43 85
16 25
95 16
24 54
50 18
91 44
86 48
22 70
30 15
14 58
62 51
54 48
16 57
13 28
48 77
44 73
48 40
56 78
76 49
85 97
30 83
1 97
52 71
47 23
78 60
11 36
15 14
44 5
23 44
21 13
92 26
37 32
84 67
2 51
38 5
7 4
90 7
7 26
98 6
23 70
86 23
71 0
54 38
40 22
89 26
7 92
26 84
39 67
14 9
96 5
26 5
30 27
87 72
93 40
18 65
69 9
34 70
78 78
57 57
42 46
97 72
39 43
46 18
51 57
37 17
88 98
70 69
45 5
52 25
43 67
49 35
54 93
72 93
64 44
19 81
67 62
89 3
10 98
77 56
24 7
48 86
80 13
25 26
98 53
85 47
11 1
9 68
49 19
46 8
12 57
83 48
25 73
56 28
61 42
63 70
71 43
17 85
78 38
54 94
73 93
57 9
81 8
22 44
12 51
67 39
40 19
25 79
55 95
95 14
10 57
67 53
50 28
80 47
88 3
79 62
52 82
88 48
46 5
22 33
9 39
63 33
62 24
84 40
45 74
62 68
40 94
14 25
6 89
87 59
73 50
5 61
70 8
88 79
99 46
46 78
78 92
64 43
40 5
78 26
62 93
23 28
76 50
5 23
86 37
53 23
70 33
63 79
50 77
35 87
91 52
48 88
81 56
85 71
79 51
25 30
4 82
58 78
68 37
54 59
55 98
86 100
42 36
81 37
22 46
92 9
44 10
58 54
88 67
44 1
63 40
32 90
86 27
93 62
83 97
28 48
76 4
81 21
73 25
4 85
77 7
13 79
23 5
87 56
84 97
71 93
43 4
62 22
16 76
12 29
80 67
29 71
39 36
53 61
94 14
95 72
50 32
74 51
27 37
20 0
92 6
3 80
51 33
58 29
86 3
12 67
59 46
57 58
4 40
18 61
37 95
62 72
41 63
56 6
3 52
83 85
80 63
79 72
12 17
74 16
56 86
41 75
37 85
70 87
17 97
85 16
48 2
43 79
96 96
84 49
31 0
96 48
49 60
29 38
4 7
7 71
26 22
30 57
11 15
55 42
43 60
36 40
57 81
72 36
68 14
93 23
42 6
89 1
53 79
43 63
93 57
72 24
68 94
79 24
23 79
24 59
15 95
15 20
72 18
63 85
24 47
71 18
35 64
15 88
2 50
81 43
67 63
88 93
18 44
33 0
1 91
70 86
75 39
90 70
71 17
97 15
75 17
99 52
66 72
32 72
6 42
12 61
77 74
1 89
20 21
34 0
71 33
83 22
57 27
84 13
99 3
47 50
50 30
45 38
27 50
2 43
82 52
70 25
53 47
65 64
84 87
16 39
92 62
14 62
77 36
52 10
74 84
83 37
27 26
65 7
30 46
37 24
13 98
96 34
14 44
88 35
20 12
68 26
42 3
0 27
89 22
86 70
1 61
86 82
62 4
6 76
89 69
7 42
13 24
15 7
25 20
57 18
53 60
37 97
66 13
9 86
92 44
3 84
18 57
26 25
63 9
28 5
57 75
81 77
4 50
38 63
32 50
83 4
18 83
81 92
98 89
93 85
25 21
43 97
54 58
12 36
88 5
68 43
78 10
42 90
94 59
74 76
19 32
40 76
73 41
85 75
86 53
17 24
11 78
93 66
28 95
50 81
26 55
36 85
99 81
67 60
56 44
57 44
93 96
90 31
29 34
18 87
37 11
42 27
7 29
17 18
66 97
6 84
30 47
20 79
64 74
49 12
3 57
76 24
17 19
29 41
84 83
83 98
76 71
64 79
23 8
51 0
85 90
43 58
32 19
53 62
51 71
0 49
12 6
90 26
84 44
39 96
0 36
100 67
99 45
25 18
36 35
91 88
68 4
17 2
69 1
100 75
65 92
47 14
66 85
31 31
83 88
35 76
27 13
31 100
79 1
30 59
46 50
96 90
14 92
68 91
66 49
11 79
11 63
97 97
80 0
1 63
90 53
78 48
96 27
34 84
71 65
28 19
22 45
55 66
92 53
85 1
51 68
74 60
14 12
97 47
83 15
91 5
47 99
68 84
87 52
66 23
60 73
37 67
63 7
78 50
2 25
18 99
55 76
0 73
59 55
55 81
78 12
7 93
96 56
74 9
69 35
57 4
77 92
70 59
80 62
99 55
70 98
15 12
98 60
57 73
92 0
37 68
61 38
8 96
32 58
100 21
3 32
89 38
35 83
95 26
70 35
43 98
92 5
63 96
11 67
90 15
71 45
37 66
5 6
27 48
92 83
27 68
99 22
30 92
100 44
81 30
38 90
89 92
67 83
73 97
71 3
12 27
24 41
15 58
43 41
9 58
38 40
65 54
66 9
10 20
21 57
28 23
70 100
60 0
0 38
58 90
45 2
92 37
2 48
31 38
11 4
56 10
49 56
36 51
33 17
71 35
10 46
32 82
24 85
12 88
73 7
82 48
28 78
88 26
67 76
30 38
84 4
36 12
22 57
37 1
82 71
8 33
42 64
7 52
5 11
16 67
50 31
85 18
69 81
11 38
80 91
8 49
47 26
49 21
50 1
8 68
12 13
98 54
42 76
12 80
37 36
51 38
8 78
75 37
0 47
50 44
30 23
77 18
87 43
83 84
61 61
12 42
17 49
73 57
20 52
86 73
49 65
1 77
52 20
8 47
49 73
19 19
42 4
95 33
16 15
17 52
13 72
63 20
85 58
19 40
11 64
56 52
72 58
62 33
98 14
31 6
2 41
98 13
89 98
100 30
26 85
44 92
32 15
21 100
26 82
42 74
56 58
15 39
1 20
43 37
30 16
93 10
71 73
7 63
59 50
75 87
30 77
47 75
54 100
88 39
78 74
23 45
21 64
23 60
73 75
74 39
13 20
21 70
62 45
5 42
91 11
5 97
77 27
86 14
27 45
26 44
18 22
84 94
5 89
58 4
99 17
19 52
68 7
62 43
63 88
90 91
62 88
63 4
81 88
3 25
71 67
33 85
80 16
50 74
7 85
99 47
17 99
94 42
85 45
87 92
67 91
40 95
97 57
23 98
21 27
87 24
44 50
76 81
48 50
20 5
49 26
26 50
22 3
5 34
88 13
48 64
60 14
14 49
90 13
16 87
55 39
56 91
67 84
4 77
14 34
71 66
0 20
1 33
44 63
73 18
89 23
84 6
36 1
40 10
45 69
35 62
3 54
100 18
16 30
78 77
