50
40 9
0 36
36 30
20 1
4 8
10 12
1 17
11 20
40 39
30 15
18 33
15 20
21 5
19 33
15 32
15 37
13 4
30 6
21 29
31 9
39 28
22 15
40 6
31 11
0 19
21 11
34 3
24 15
30 39
27 28
16 33
20 37
14 22
40 3
8 24
12 27
8 8
2 22
32 24
2 30
2 10
14 1
19 11
25 19
32 38
22 3
20 6
9 22
32 10
31 40
50
11 8
23 31
18 2
26 18
36 12
12 9
16 19
39 37
18 10
6 3
38 8
38 30
34 6
31 32
26 9
28 30
39 1
38 40
20 8
6 12
1 18
32 22
5 21
4 9
27 13
35 31
9 9
19 10
34 5
15 4
26 19
24 0
24 33
24 3
20 35
30 21
39 0
39 20
3 1
15 17
12 31
26 15
18 35
4 16
13 5
2 31
23 17
30 3
27 1
23 33
