1166
90 156
52 193
150 166
74 47
126 81
110 143
18 185
136 40
178 7
140 78
88 196
31 3
184 97
54 95
71 167
41 106
37 30
54 14
200 153
137 23
14 4
138 167
22 88
143 154
156 112
83 181
193 18
99 194
108 43
81 50
161 161
182 34
45 117
97 116
120 117
171 103
84 131
92 187
55 146
61 148
16 12
185 25
182 84
9 72
25 25
14 173
99 119
48 8
54 158
151 70
39 85
132 56
21 109
103 186
33 55
34 18
25 178
7 129
69 187
6 185
85 87
101 96
149 197
198 98
85 111
77 190
188 198
197 76
96 189
34 78
11 80
171 104
32 151
172 142
45 102
42 88
192 130
74 194
28 56
67 173
75 37
160 78
23 164
10 89
115 114
138 121
57 15
99 200
183 29
46 31
189 189
125 47
57 56
131 134
131 199
18 199
157 116
175 16
81 40
111 73
137 165
136 23
86 181
106 135
55 192
132 97
25 97
113 119
110 167
17 154
55 108
153 17
193 158
33 71
95 124
33 163
198 180
67 60
105 157
171 143
156 36
111 0
128 46
65 69
17 156
94 33
160 8
23 169
5 193
153 113
34 155
138 200
130 111
144 100
127 147
107 84
113 146
107 76
17 87
14 64
73 76
73 86
12 8
186 34
192 138
70 22
160 54
181 97
125 109
186 65
62 111
0 72
126 173
139 16
57 186
46 81
198 57
118 96
122 48
121 22
91 43
140 35
92 135
107 119
95 113
34 195
145 48
62 191
12 90
182 191
193 109
40 68
9 95
62 110
22 137
5 18
191 145
185 94
41 36
148 161
40 197
64 113
22 80
165 146
52 98
114 84
180 6
116 25
56 161
174 136
143 18
188 197
61 183
112 120
58 102
52 113
75 58
155 38
13 78
172 124
5 94
177 71
173 100
80 132
137 90
38 35
55 138
62 20
173 107
80 129
37 158
102 194
124 40
7 181
75 16
168 2
68 157
179 53
48 144
138 124
200 180
139 51
81 122
74 37
73 64
17 4
184 132
96 62
37 38
181 170
95 115
191 187
196 73
156 188
68 60
104 52
135 189
126 166
88 137
0 11
99 112
92 196
130 9
86 132
173 119
153 181
196 132
71 83
182 182
182 66
147 145
67 197
115 63
115 83
4 152
72 143
5 85
66 102
117 53
173 103
142 168
33 69
112 43
151 85
197 66
189 47
42 144
162 63
186 58
100 140
150 112
150 124
173 15
87 183
176 2
119 142
58 4
116 189
13 159
12 48
17 183
107 165
5 115
150 185
149 56
10 15
167 199
17 141
25 89
82 61
79 168
60 129
186 103
194 139
1 113
74 141
6 99
44 104
154 64
28 165
185 93
53 146
32 74
11 92
53 168
163 115
181 157
170 50
125 15
90 106
39 18
48 122
62 66
153 63
94 168
4 85
86 42
174 22
155 126
9 178
176 179
23 145
57 26
51 173
172 8
193 104
63 135
133 183
44 174
72 129
118 200
66 24
160 0
58 3
178 56
132 58
103 122
51 136
166 179
69 54
101 30
84 104
189 101
42 4
55 197
88 16
132 11
133 169
125 139
54 53
59 26
120 189
106 99
8 103
92 156
123 49
102 11
94 152
70 114
119 93
28 148
190 25
121 38
181 24
60 47
24 197
186 142
43 121
170 83
194 114
171 184
17 107
97 34
96 152
47 199
186 172
113 76
146 108
138 26
97 198
193 125
78 149
199 29
155 92
149 25
184 133
40 52
81 162
24 27
128 48
106 84
155 173
197 189
14 51
82 47
117 103
185 181
0 46
174 181
74 35
58 103
175 145
129 193
105 133
185 179
116 172
107 50
173 94
19 150
107 138
89 26
191 92
114 64
127 96
77 118
134 180
88 24
79 169
58 25
132 20
105 18
80 53
141 165
123 154
162 58
131 117
107 72
88 33
53 20
15 171
76 17
113 66
187 114
5 39
98 13
104 34
40 136
57 155
89 116
116 6
82 156
35 39
164 149
65 150
177 109
171 177
32 176
8 37
116 96
184 58
192 60
36 128
61 112
144 194
196 106
148 43
138 34
26 1
75 169
133 118
153 194
95 78
194 72
158 92
45 122
177 60
189 147
3 157
115 141
93 87
142 19
112 141
110 80
45 18
186 54
188 48
110 135
152 153
190 176
71 124
133 186
150 136
151 78
79 118
76 84
67 33
159 145
84 111
81 64
117 134
161 129
115 55
159 18
60 182
34 125
183 158
11 155
176 101
166 73
121 160
200 129
137 62
138 70
104 137
142 79
70 93
106 176
153 74
87 197
5 157
8 35
170 198
51 96
115 200
54 42
52 189
89 176
54 74
171 121
122 13
81 42
22 188
17 42
16 194
176 170
49 9
5 26
35 104
132 148
63 165
188 186
12 33
169 14
18 102
134 124
142 34
87 189
139 117
1 191
198 184
116 3
105 81
130 131
142 17
103 115
43 200
87 195
46 9
100 166
57 47
169 78
124 132
99 15
15 25
14 0
197 41
180 4
83 49
159 74
21 121
149 93
42 53
142 154
134 145
83 191
118 107
127 192
190 119
138 30
130 47
161 159
6 166
127 89
81 142
16 64
156 162
132 180
80 196
106 63
82 152
53 109
133 56
78 94
143 193
189 119
179 153
35 108
166 178
18 173
101 107
167 20
124 47
148 34
79 96
19 127
131 2
183 150
51 152
79 14
68 146
105 3
158 130
108 132
49 35
5 35
79 198
79 28
125 147
154 164
114 29
92 8
125 30
79 47
130 110
142 57
24 16
130 175
164 5
73 198
99 102
190 149
146 170
66 44
157 83
188 81
102 74
133 86
6 28
112 76
116 139
4 15
189 93
88 62
113 156
136 43
191 127
14 81
81 150
22 82
18 188
56 175
134 192
104 127
65 143
45 48
110 86
182 57
17 10
6 163
139 135
105 134
176 61
76 26
176 146
143 16
103 90
125 83
163 162
178 6
70 12
141 57
111 82
134 182
58 96
25 183
28 38
34 166
169 195
9 174
67 89
107 74
161 63
78 173
111 80
178 141
15 5
153 93
165 31
180 174
138 125
46 183
109 20
150 78
109 110
62 172
121 44
168 154
190 114
190 159
173 154
23 63
22 42
155 108
50 130
38 45
69 155
105 22
110 6
52 72
199 123
18 172
101 57
60 145
32 5
16 115
56 151
197 136
44 73
181 44
185 106
133 11
108 163
163 151
46 74
164 143
148 103
167 110
149 120
195 131
139 64
12 107
120 140
61 67
7 59
21 100
26 195
133 35
186 139
102 82
167 174
182 130
88 14
37 78
67 0
23 195
198 88
165 17
82 94
92 114
37 133
61 81
87 120
8 29
62 189
35 49
93 190
1 73
98 195
157 14
179 126
186 191
135 45
13 125
95 77
197 102
123 141
115 79
138 183
130 53
117 146
164 139
23 69
176 23
162 168
4 161
139 89
64 20
184 100
128 169
13 19
157 35
115 54
66 165
132 159
115 163
33 159
114 159
152 83
8 54
50 165
30 100
92 129
191 94
151 33
48 115
24 155
178 187
73 66
59 152
177 182
88 157
24 183
192 148
200 150
44 83
123 66
162 23
78 26
43 124
149 70
67 172
58 101
132 73
172 179
108 7
111 87
21 75
168 142
22 79
182 18
120 60
146 24
197 124
193 25
53 23
199 22
115 162
106 161
164 29
178 155
10 49
185 44
40 93
70 83
165 34
85 114
71 63
21 118
165 33
68 148
52 11
169 73
97 27
163 132
173 172
1 195
87 104
90 139
200 36
86 58
117 62
89 15
188 127
88 180
157 90
25 169
191 6
151 45
2 5
93 91
160 200
87 185
105 86
136 77
55 155
85 160
122 14
21 30
104 99
151 162
111 38
135 56
185 55
198 154
11 53
146 11
164 164
200 185
96 108
63 115
103 142
149 148
173 121
101 40
52 163
22 174
57 144
83 159
106 199
80 184
30 183
166 144
14 199
18 35
7 118
102 81
19 196
181 124
168 145
117 43
11 5
14 134
56 0
141 80
79 8
189 139
132 110
24 188
182 43
56 32
152 100
93 16
156 75
62 198
36 143
183 64
195 28
106 126
110 168
185 173
123 161
100 0
170 120
128 157
192 80
171 81
142 112
132 47
109 162
22 147
190 50
114 113
112 100
128 108
54 107
9 143
160 136
5 171
142 64
11 177
164 3
33 85
86 141
94 150
72 188
185 104
125 33
126 61
56 153
41 187
14 176
13 68
178 179
39 39
125 149
126 122
43 196
5 82
137 9
143 131
7 72
190 59
19 36
81 167
53 80
157 183
122 69
79 123
96 113
51 45
136 200
149 63
146 152
42 92
127 103
177 138
4 140
33 63
170 72
167 36
90 187
66 182
157 20
51 99
136 135
69 123
59 71
54 134
132 194
100 196
163 200
178 46
141 74
81 129
96 57
159 195
92 152
135 136
166 183
156 25
166 65
76 99
160 187
92 160
49 128
126 116
94 81
87 192
86 158
88 111
122 151
169 178
24 55
189 10
135 119
41 135
41 54
102 118
149 189
159 153
93 89
145 192
106 19
145 174
197 77
6 111
194 147
113 4
163 144
183 136
95 140
17 170
184 68
34 41
43 38
20 195
16 19
99 9
175 38
54 119
92 179
76 105
14 91
4 12
21 158
96 84
143 144
103 54
190 17
74 111
107 70
136 145
181 20
111 1
193 180
52 162
88 73
118 112
54 193
197 138
138 62
28 71
140 31
197 121
77 43
34 9
88 113
119 59
132 95
152 104
120 65
187 159
60 56
67 190
170 59
38 139
181 107
28 141
184 9
124 54
183 113
170 69
79 70
121 180
167 34
127 175
118 171
195 85
180 185
190 36
128 75
22 18
72 55
126 169
189 62
2 46
142 183
14 75
83 112
141 160
117 178
141 154
17 145
107 82
113 72
145 166
116 94
144 103
67 21
115 171
49 0
92 23
7 183
56 104
95 198
5 130
111 131
172 97
11 146
169 69
148 57
43 128
120 4
8 28
89 142
40 125
142 100
28 68
97 189
112 132
166 100
91 171
121 56
113 94
88 7
42 157
183 34
163 160
154 81
0 111
13 181
85 3
85 137
55 88
4 136
67 82
88 96
55 103
66 154
124 159
114 86
191 137
153 127
136 140
110 150
20 78
179 137
157 197
70 140
129 93
56 77
81 159
43 185
184 173
120 104
153 35
130 141
127 77
177 22
199 31
30 106
64 146
11 182
91 49
79 74
28 200
0
