4625
175 75
150 29
187 123
49 54
111 126
122 59
68 178
38 73
79 93
85 42
189 135
19 146
47 18
22 31
15 195
184 191
176 33
74 123
111 100
144 130
30 199
94 193
16 69
26 83
54 55
74 76
47 145
160 192
140 82
66 69
58 60
53 81
164 0
195 169
77 31
23 75
125 43
89 22
54 26
172 85
36 38
55 144
163 1
189 169
167 157
108 14
52 173
46 142
73 129
91 80
73 15
18 83
110 73
12 10
161 9
48 22
155 135
37 163
184 17
106 70
24 180
152 46
113 53
108 81
20 194
141 118
90 112
39 200
115 85
35 168
133 181
176 51
188 119
167 177
0 74
38 99
126 176
127 180
95 98
96 177
115 150
82 9
87 174
109 35
22 98
92 190
28 21
24 134
175 118
7 10
160 7
124 125
50 83
144 32
86 31
17 123
183 86
22 61
178 14
57 162
4 65
80 153
38 102
68 137
83 28
45 193
56 81
105 46
60 165
51 106
134 175
122 126
52 110
13 39
37 127
3 155
141 78
20 92
134 75
80 77
135 126
50 64
7 139
176 154
54 173
31 117
101 172
19 18
19 108
156 140
75 54
159 91
181 89
170 159
97 19
20 71
159 79
103 6
104 180
39 120
168 47
35 19
62 109
37 157
43 160
47 130
56 7
91 102
189 15
2 119
178 6
51 124
175 24
19 21
67 169
130 112
59 2
94 46
192 92
76 41
112 173
2 113
180 102
132 54
157 188
110 113
9 116
167 87
9 187
200 32
142 70
180 187
127 58
107 56
101 155
197 188
110 40
141 44
86 36
173 120
20 185
149 108
34 56
125 199
79 20
158 194
56 196
142 8
187 94
74 157
45 55
143 45
146 58
9 14
163 195
49 31
43 68
49 171
130 195
47 71
83 84
41 145
64 168
49 114
10 70
14 79
191 195
65 90
59 4
1 177
40 181
23 65
167 14
12 35
84 168
86 169
139 74
65 65
194 142
62 185
22 112
140 47
23 165
168 120
152 86
28 190
94 165
2 102
91 111
41 69
92 4
140 108
11 10
11 73
196 108
196 163
60 75
193 11
17 190
119 93
82 36
134 34
187 176
28 144
19 141
88 71
33 172
109 22
42 37
21 167
180 111
190 151
68 144
164 68
81 78
18 2
15 137
115 152
105 175
80 75
153 100
184 160
41 95
164 88
44 8
62 86
39 44
71 113
15 57
139 126
5 84
185 113
47 60
43 126
112 123
28 48
5 180
30 103
170 65
48 101
163 27
146 57
177 126
139 30
35 58
57 178
107 40
111 90
22 131
61 87
192 127
37 125
88 145
48 184
25 124
48 166
109 192
170 192
170 16
11 76
136 111
181 75
127 134
33 158
44 133
24 22
71 10
106 160
37 50
142 174
7 129
8 103
166 124
109 15
112 164
113 156
65 191
101 17
25 171
194 139
36 145
172 194
57 115
158 73
91 91
156 143
57 107
147 167
77 24
126 147
51 30
137 102
170 12
94 145
125 63
26 45
196 131
60 49
109 11
175 71
19 96
14 53
118 96
20 124
35 192
127 172
144 178
25 27
50 11
141 162
96 188
81 168
142 142
3 105
196 113
140 19
164 186
120 195
124 187
51 97
16 91
82 46
168 51
137 11
200 45
127 78
200 120
6 167
147 15
166 2
72 44
79 117
152 95
147 58
142 87
43 6
119 130
128 37
101 110
175 184
192 164
118 117
140 170
153 144
66 35
94 115
138 164
176 69
38 157
86 192
185 71
162 152
76 164
1 101
161 48
160 73
103 150
32 64
61 162
73 54
197 123
189 20
0 59
85 45
146 155
169 28
28 73
177 74
93 32
85 174
74 120
47 46
146 24
125 91
163 157
1 43
66 80
73 133
185 42
41 111
187 71
69 81
49 164
101 15
108 105
194 72
21 67
58 14
117 196
53 181
163 102
184 73
167 27
198 14
4 121
180 40
14 186
176 190
59 180
165 33
51 77
48 167
60 10
61 137
189 100
40 189
78 123
106 168
192 18
53 51
125 47
185 143
146 88
4 168
48 3
136 45
77 118
55 178
92 183
102 72
113 17
90 19
177 79
186 174
83 23
55 102
77 160
200 200
7 93
73 138
14 48
22 114
158 62
138 194
26 65
122 159
144 193
66 31
38 105
150 22
46 145
128 86
61 103
9 115
103 153
86 89
4 155
134 153
79 123
54 4
144 171
122 182
132 68
187 131
76 163
116 20
112 146
5 160
181 101
0 126
108 73
101 154
45 197
19 99
197 199
172 20
2 70
74 195
19 58
18 142
95 14
73 76
10 112
24 196
4 112
50 151
133 143
75 115
86 191
148 56
46 126
82 153
67 32
200 142
80 23
17 22
101 24
97 84
90 137
42 120
32 124
63 142
16 8
89 30
9 150
56 84
48 11
141 34
4 194
147 195
67 65
82 174
174 170
180 34
108 187
192 75
182 70
67 167
104 60
109 7
143 189
165 110
9 88
25 69
145 197
137 97
145 4
82 3
16 174
86 37
34 8
126 87
138 30
85 135
83 195
62 70
34 48
77 97
143 6
177 72
132 140
37 38
11 64
50 67
39 146
78 76
150 112
19 110
33 110
36 162
23 2
111 106
56 98
4 185
13 169
132 175
134 77
119 67
104 124
189 31
21 137
164 159
24 14
49 69
109 199
80 196
178 98
75 7
53 107
54 115
85 200
18 151
181 21
51 104
197 165
50 76
106 38
79 40
76 72
76 124
115 193
14 51
88 169
115 133
46 51
182 138
52 28
73 42
86 139
171 12
49 127
176 91
195 195
31 148
175 23
85 95
160 108
89 166
138 169
73 77
187 32
95 130
33 168
24 125
71 199
19 195
34 105
173 96
118 144
111 16
168 101
64 163
60 37
98 87
142 60
26 97
114 182
139 52
124 2
42 44
147 84
82 2
88 127
50 121
148 134
76 135
152 182
145 176
111 145
129 125
83 182
185 93
35 33
151 7
63 59
66 13
194 29
185 156
64 134
29 95
194 73
87 192
186 82
130 95
160 35
162 56
7 41
121 115
109 102
178 3
159 64
98 197
0 161
125 69
20 62
171 162
73 53
103 84
25 175
18 13
172 95
141 19
167 86
63 63
81 122
164 164
185 168
92 118
55 16
198 28
43 66
2 76
84 117
62 148
111 46
88 184
197 138
15 70
65 43
21 89
67 49
146 99
93 43
171 170
104 129
130 199
20 138
189 121
195 162
127 29
122 81
81 12
139 33
66 82
161 61
193 62
172 107
77 102
58 152
18 191
147 181
166 66
164 16
111 78
107 126
3 71
70 127
101 44
58 149
139 183
87 91
147 39
171 118
46 133
7 198
128 180
190 93
88 173
194 92
155 8
29 78
61 152
28 133
9 41
189 52
150 47
36 159
34 121
4 64
42 155
96 141
58 59
159 180
23 187
18 95
104 128
51 184
147 86
8 40
7 96
77 179
170 114
116 156
68 148
2 66
93 95
130 158
86 49
138 64
160 38
69 58
6 105
170 171
152 169
159 102
103 197
49 25
155 47
46 196
7 57
76 38
43 17
134 129
10 14
71 140
62 174
60 48
135 180
7 169
157 35
149 28
65 159
64 114
38 12
52 91
152 197
4 161
122 13
120 127
136 56
92 62
78 170
170 91
88 2
116 4
96 113
159 46
27 187
177 162
82 54
25 70
127 16
127 74
144 191
93 158
173 71
95 42
126 154
174 159
76 144
93 22
80 41
139 97
121 26
186 147
127 57
161 57
142 131
76 158
95 126
78 17
163 58
144 51
109 14
187 43
86 160
132 28
56 3
34 60
143 73
106 98
5 20
76 147
59 49
84 139
50 27
161 23
149 127
146 125
187 182
186 56
65 96
39 177
41 1
61 148
21 109
159 167
21 32
24 76
20 93
105 79
19 44
151 152
5 177
81 69
49 107
93 9
6 17
109 174
52 49
85 88
63 101
72 92
72 93
120 37
200 81
150 86
20 42
36 147
159 95
191 1
29 65
120 86
92 173
34 184
190 114
10 39
11 70
83 194
86 179
47 178
37 144
169 174
196 67
151 99
110 59
3 193
28 53
4 85
193 53
186 9
59 182
29 20
169 144
19 93
47 93
2 163
14 149
17 66
190 70
199 13
58 187
37 104
133 135
116 129
176 138
25 157
117 78
41 138
123 58
11 198
11 107
171 76
58 184
122 132
74 35
68 82
99 72
156 128
200 15
176 81
119 28
157 145
83 158
81 183
43 112
127 173
20 186
95 154
47 149
159 25
68 100
6 0
84 199
24 17
189 177
178 114
12 109
37 85
53 42
5 56
25 20
186 68
112 189
2 160
114 70
118 179
153 103
18 18
8 165
11 126
95 157
169 185
26 191
165 174
21 13
90 55
32 194
29 89
155 86
146 80
145 71
81 130
120 113
151 53
65 88
107 72
6 41
34 129
36 74
163 103
172 187
124 74
94 29
86 153
147 75
56 95
111 171
3 138
130 31
155 148
85 193
127 154
173 166
136 5
197 171
184 133
121 23
144 158
43 140
20 112
165 23
75 140
130 52
185 161
129 38
62 77
89 9
176 181
86 146
3 1
106 27
134 155
189 22
41 177
8 169
37 182
73 132
138 55
53 128
174 113
33 90
175 13
15 73
160 4
10 86
143 5
125 74
158 84
74 186
147 26
141 194
182 107
9 84
111 87
66 165
92 140
62 99
89 56
140 106
173 119
59 6
16 83
124 86
166 172
60 143
176 116
165 177
172 180
44 67
28 182
168 145
107 86
54 180
7 90
114 56
159 150
56 88
136 26
113 25
40 148
152 70
42 164
160 30
87 2
40 134
118 64
154 162
4 7
166 187
177 93
19 61
174 196
187 132
119 126
97 27
151 17
108 114
191 129
133 10
47 84
125 183
36 15
171 183
117 54
159 184
66 79
82 69
18 62
153 39
194 108
196 144
17 91
113 12
162 52
106 134
120 170
7 65
40 162
79 84
87 53
158 11
34 88
29 110
49 185
33 27
76 20
55 11
54 78
67 170
101 45
97 1
3 79
108 158
65 174
79 177
92 19
2 132
21 186
44 29
178 19
41 48
33 84
192 111
157 54
11 74
88 167
147 172
37 86
34 112
72 123
189 116
46 93
44 88
136 165
140 83
152 164
169 123
125 135
14 110
45 102
7 175
91 88
62 35
23 48
33 160
94 62
69 85
169 134
103 129
145 152
152 68
186 132
16 195
91 174
167 84
41 60
26 169
149 23
13 189
119 85
180 171
54 194
185 167
160 42
127 68
17 81
78 35
129 133
127 55
95 56
96 48
53 165
102 14
125 170
41 77
69 0
40 71
29 57
121 144
57 118
67 89
145 50
56 167
23 198
163 37
120 13
135 110
59 19
109 104
146 75
14 111
82 47
16 182
2 125
7 87
71 160
170 53
31 144
85 87
156 62
90 81
35 142
29 71
115 177
27 124
195 114
49 51
122 54
122 27
41 83
158 28
140 187
79 22
117 135
176 76
91 29
79 37
137 94
50 150
34 162
120 173
76 67
58 47
32 101
90 118
156 34
169 175
57 142
129 144
46 199
6 97
69 51
61 77
34 51
64 130
45 51
24 52
145 77
104 42
110 23
115 127
106 192
99 20
38 24
187 156
40 79
30 13
13 164
76 52
75 122
199 102
97 91
5 46
16 57
189 76
128 108
157 46
185 200
183 110
34 82
59 112
43 194
146 186
60 136
27 61
41 12
10 4
50 34
86 90
92 31
114 2
199 190
177 45
21 125
40 177
87 98
69 67
85 108
0 125
35 29
97 99
8 200
196 151
137 39
60 159
73 21
18 50
139 94
78 155
80 175
19 47
95 109
15 29
27 182
98 25
137 31
150 143
191 150
71 180
53 120
140 126
44 87
143 106
141 128
159 45
194 104
169 2
48 73
60 87
101 175
55 14
165 133
93 130
1 1
14 157
8 160
180 15
1 86
168 65
15 193
38 21
191 151
70 76
158 101
131 97
113 20
128 174
166 191
81 138
134 121
194 131
182 17
90 176
154 56
148 197
38 150
168 35
117 136
161 75
146 39
157 108
61 98
117 195
43 41
199 70
60 101
95 144
68 163
92 111
151 156
34 137
74 94
23 56
127 24
9 131
159 39
179 158
61 144
83 151
116 105
104 121
200 3
102 158
178 175
66 135
156 97
12 58
153 102
86 185
35 163
64 60
98 171
11 155
86 170
95 145
83 157
88 119
179 152
183 158
95 78
200 181
196 153
110 170
38 86
87 11
53 90
195 198
161 44
55 19
109 1
31 90
190 167
142 36
90 165
76 90
152 192
4 38
117 13
49 96
169 30
72 41
36 111
197 192
18 103
28 72
107 49
71 129
169 162
40 161
143 42
17 52
79 156
114 52
163 171
125 129
34 34
39 24
138 196
155 58
160 160
4 60
83 7
195 142
112 61
171 148
81 24
192 173
148 148
147 97
103 34
52 158
13 193
27 136
176 132
71 126
97 40
144 143
95 4
35 60
118 161
162 163
75 141
192 23
167 59
146 159
144 49
38 18
193 56
64 80
100 119
52 154
123 70
75 198
24 25
190 127
128 44
98 125
95 79
173 35
26 40
198 115
85 46
126 29
2 116
171 26
197 181
133 147
63 30
139 194
59 62
156 169
135 86
46 153
155 21
26 94
0 200
179 186
86 35
179 175
67 127
166 20
189 85
97 13
104 167
109 62
36 186
139 28
50 85
62 76
93 3
13 192
180 156
46 81
145 136
131 84
80 169
180 179
20 41
147 185
89 120
54 34
26 111
144 162
85 116
179 71
16 87
130 21
39 91
143 181
160 159
108 176
152 117
87 102
6 128
88 175
174 28
19 65
180 55
126 195
152 148
3 152
74 11
81 146
118 159
163 81
59 23
117 179
105 54
132 99
64 51
63 186
13 28
75 69
157 116
141 56
109 190
196 8
25 153
170 153
156 168
97 169
148 25
180 120
0 108
55 137
25 71
21 23
186 26
118 31
22 193
140 155
20 179
51 178
71 95
156 10
188 63
76 139
22 20
173 118
90 163
80 99
153 13
179 88
91 14
167 74
194 189
199 159
49 106
75 128
134 167
43 169
50 40
184 37
36 61
16 113
121 73
93 62
113 117
113 119
80 58
104 43
120 166
155 84
155 110
185 49
80 71
5 101
178 85
190 16
194 82
48 98
173 95
195 103
176 106
136 167
200 5
88 172
100 77
115 89
79 50
46 163
118 76
138 18
152 178
4 89
143 20
36 71
18 20
134 174
92 87
110 16
31 183
36 99
175 90
26 186
2 99
108 117
119 118
35 110
104 49
25 35
12 42
35 25
22 26
123 173
147 183
98 65
105 106
93 136
4 5
179 46
48 120
180 32
144 77
145 102
188 89
197 108
91 159
39 71
117 144
125 117
64 2
63 176
31 170
70 50
2 40
63 37
189 152
25 166
115 200
126 103
116 12
144 173
184 69
176 114
150 129
55 62
106 138
193 120
31 200
124 138
198 18
94 161
168 42
15 164
34 161
34 126
51 181
132 145
103 108
55 141
178 48
108 140
173 153
36 104
199 79
125 83
2 135
180 119
158 195
63 126
21 104
192 68
21 20
168 115
152 160
62 154
143 176
144 154
166 56
30 47
108 123
142 186
181 151
101 51
22 125
23 21
158 50
130 178
135 35
163 149
143 186
0 164
76 33
191 175
8 2
97 154
152 69
192 147
175 111
25 23
144 46
81 106
142 106
37 167
93 190
147 92
163 120
20 200
36 194
111 15
51 44
99 189
154 123
169 3
49 149
104 112
156 159
126 167
34 85
102 103
49 93
119 156
75 187
12 189
186 160
182 148
93 66
194 46
69 172
119 124
87 14
161 32
153 93
115 105
133 154
22 8
2 152
1 62
154 38
10 22
19 121
191 0
114 169
25 125
162 12
192 142
90 36
3 10
170 124
169 181
137 72
1 132
196 125
170 116
198 35
110 71
93 103
146 16
30 14
194 36
127 63
32 176
174 23
87 126
68 196
49 132
117 72
156 84
162 148
38 161
136 149
54 117
51 54
196 166
162 62
156 147
171 111
11 26
17 137
45 79
25 115
40 154
167 94
92 199
73 199
26 131
133 58
48 2
172 18
102 188
119 146
46 97
64 33
200 77
170 46
79 154
69 9
120 105
123 114
142 86
53 114
34 122
119 162
151 63
145 29
13 131
162 98
48 197
76 10
114 54
192 59
153 199
140 118
103 4
179 105
90 18
78 116
156 184
192 170
88 171
188 88
137 106
89 33
63 51
165 42
92 181
130 74
48 70
65 95
9 111
194 169
123 135
134 140
106 31
55 78
196 178
131 64
189 45
195 22
124 7
144 128
41 61
90 29
44 33
95 29
74 46
22 45
195 156
15 147
163 185
9 139
5 14
180 61
116 54
28 160
108 192
169 4
106 44
84 198
86 77
121 28
77 6
91 154
90 96
82 32
142 25
54 196
38 178
61 185
91 199
115 80
51 62
78 42
7 104
101 176
2 54
21 51
180 124
164 81
174 107
77 108
16 38
102 116
21 177
46 30
195 182
193 41
78 138
92 15
141 169
134 150
9 58
23 153
54 31
168 78
127 93
67 117
50 186
133 134
89 148
53 195
79 180
141 167
16 151
163 90
82 103
173 129
139 122
173 195
150 30
36 98
106 7
179 25
18 99
86 118
158 76
120 135
120 101
82 37
79 157
143 86
135 94
101 196
199 191
170 187
183 18
28 164
70 177
85 55
25 168
115 134
170 194
151 145
101 117
92 155
120 162
159 157
58 32
198 70
152 40
14 49
125 11
126 78
116 41
93 189
38 139
119 66
189 58
68 3
64 0
29 167
148 74
176 113
140 93
118 147
58 42
28 134
108 29
151 114
78 71
79 170
20 14
121 41
135 139
4 193
33 101
39 127
57 191
0 144
82 176
3 19
141 109
64 73
25 42
132 2
119 192
100 161
103 142
174 111
132 199
88 42
0 13
78 113
12 183
191 100
143 76
142 99
3 150
49 53
36 92
198 65
9 164
200 68
79 119
117 191
24 195
20 121
102 173
12 15
182 124
119 161
166 194
135 124
21 161
173 72
198 197
197 16
98 77
84 66
188 160
196 192
162 113
5 41
151 15
131 175
157 199
121 157
36 67
97 176
38 140
6 33
124 120
98 103
59 44
27 148
35 64
60 133
21 139
60 96
54 186
48 79
155 90
98 108
80 16
1 167
24 150
129 139
81 156
139 99
35 108
58 31
156 94
46 160
174 52
149 41
183 181
78 198
99 147
54 22
103 194
175 97
42 48
17 34
172 135
188 19
104 125
128 138
198 116
71 20
40 199
96 22
200 111
74 160
99 179
113 184
179 154
47 94
168 127
93 68
129 18
68 28
110 76
87 156
40 176
21 114
81 104
16 194
75 3
20 73
126 112
82 12
83 90
114 189
23 117
144 131
28 74
142 196
168 113
91 156
31 125
23 139
183 17
164 43
66 40
184 136
61 198
46 194
18 66
49 8
174 71
180 158
94 76
24 140
62 149
68 4
165 130
186 106
71 186
79 132
145 12
17 2
66 76
130 163
106 102
10 150
172 171
161 133
191 76
9 87
53 64
177 5
184 58
68 165
48 168
132 156
43 10
162 187
120 67
122 43
93 42
190 155
70 124
83 63
84 85
141 60
112 98
152 84
129 49
185 150
30 180
13 29
49 92
179 129
177 164
21 102
32 130
37 2
114 132
163 71
124 107
177 153
41 7
29 192
50 63
140 40
106 117
83 20
76 186
33 36
33 99
31 87
183 172
173 57
23 184
106 60
82 162
86 180
15 0
151 4
133 79
53 200
18 27
73 98
118 78
71 1
139 3
94 119
9 160
21 12
85 75
3 84
186 74
128 176
124 67
108 193
20 126
126 142
129 3
136 181
131 170
64 50
29 98
179 70
15 1
65 71
21 54
155 164
96 125
6 37
141 143
90 182
20 181
179 112
173 161
29 157
46 63
40 77
144 189
165 18
102 66
165 29
121 63
134 43
13 71
109 146
80 113
100 125
145 122
161 109
36 77
105 85
31 84
99 128
192 61
106 45
180 154
190 160
109 176
141 46
88 7
65 84
41 115
112 7
67 186
6 161
119 127
16 186
102 25
123 136
197 37
181 72
14 118
132 14
91 187
29 198
156 130
45 85
123 83
135 117
26 95
137 151
52 179
144 132
153 82
117 172
106 125
109 109
55 13
144 165
121 176
5 113
174 15
3 174
62 135
6 46
161 146
192 139
119 200
52 162
48 86
75 132
45 73
20 142
106 128
130 96
80 101
171 90
102 27
8 18
181 8
21 178
182 7
55 119
79 124
55 133
25 39
60 73
26 16
194 125
81 94
44 151
182 118
20 12
194 41
89 96
25 134
22 149
156 181
41 112
88 84
78 150
70 4
125 196
150 25
58 55
52 26
171 133
65 177
197 125
194 66
50 188
145 80
167 124
128 155
39 72
58 96
196 120
61 96
36 62
24 31
95 36
119 168
199 111
69 165
180 0
148 137
135 185
88 165
74 86
171 62
78 62
118 163
24 115
0 140
29 101
106 69
114 26
200 102
158 3
59 147
53 3
143 129
1 54
140 188
199 42
75 50
15 47
168 89
162 46
151 41
14 190
195 166
0 24
80 166
116 27
62 88
139 84
41 100
103 63
159 185
33 33
141 43
181 175
163 7
30 184
70 80
13 92
121 174
91 70
160 78
8 186
61 135
156 100
172 118
79 51
38 13
57 197
35 135
161 158
180 183
58 46
23 88
112 44
75 192
167 180
6 78
67 160
9 90
132 94
58 67
127 122
159 141
100 68
68 143
192 179
119 88
190 71
18 79
7 109
20 136
21 14
94 38
17 114
36 170
113 181
47 99
147 109
2 156
62 192
136 76
5 145
70 142
101 9
100 143
157 21
167 12
75 177
140 161
3 126
59 155
156 170
164 183
50 175
61 186
170 31
150 144
77 155
190 1
188 137
49 163
80 78
8 71
124 132
91 101
152 85
178 153
28 66
53 61
68 150
141 12
134 114
121 76
66 17
97 23
190 111
27 176
78 41
170 183
197 1
13 58
40 120
184 78
103 73
107 67
68 93
68 125
66 103
36 35
5 38
144 133
158 185
170 7
35 141
81 181
18 72
173 115
26 13
185 35
145 154
93 112
148 16
133 62
67 97
194 17
182 191
108 188
15 185
106 195
102 183
131 124
174 190
167 113
30 150
45 33
176 100
180 123
44 26
54 18
175 29
163 18
188 107
98 90
127 50
191 32
175 192
136 140
84 29
93 75
94 22
91 131
181 61
77 56
107 179
50 148
198 90
81 81
169 14
17 84
133 127
116 159
71 33
2 4
110 9
31 76
200 124
183 53
47 120
122 107
77 77
30 155
125 107
182 115
55 46
196 15
156 23
37 124
122 191
122 117
36 101
87 24
192 51
152 62
106 104
128 109
191 116
135 106
146 129
124 99
30 93
102 101
179 54
33 29
155 77
133 20
131 47
169 85
29 160
14 43
37 17
57 12
38 71
148 113
63 70
158 191
150 160
68 38
63 112
179 156
92 16
138 195
200 170
127 183
60 138
74 135
38 55
0 2
24 47
53 104
145 92
89 75
122 174
165 89
45 134
138 52
144 89
185 109
62 34
111 163
129 82
186 4
96 80
146 175
15 27
87 116
187 10
54 148
161 125
88 32
44 54
169 57
193 18
45 77
44 130
105 132
152 89
165 149
121 74
159 114
101 59
55 148
98 123
190 52
38 144
107 111
161 49
84 131
87 9
0 37
179 35
97 102
14 60
166 83
85 66
67 48
177 63
79 110
75 86
66 107
106 166
91 53
134 57
12 132
57 73
29 116
59 183
13 2
174 18
160 107
4 111
44 31
200 62
0 128
91 28
20 118
61 73
163 158
93 129
116 150
82 137
10 148
199 52
159 121
193 194
186 50
42 197
89 36
63 138
174 58
155 167
146 162
136 131
21 28
78 112
151 90
0 124
143 155
103 92
34 63
19 154
40 66
80 12
160 182
176 96
191 131
115 56
108 172
28 131
10 132
194 74
193 38
113 11
29 45
85 125
101 72
40 183
179 144
142 130
101 96
132 38
40 131
195 186
128 61
159 123
100 102
11 153
124 49
58 106
13 35
181 66
107 196
28 63
185 148
136 186
6 194
84 48
92 193
124 58
9 24
61 140
103 30
69 25
198 144
181 107
128 157
85 19
29 86
71 47
62 30
187 167
135 7
5 155
154 96
7 106
98 38
136 197
10 62
30 141
72 129
196 75
124 127
29 151
47 8
16 144
101 88
45 112
80 200
1 122
41 26
118 15
22 62
112 55
89 157
150 138
49 199
78 144
67 52
109 197
114 146
175 128
44 194
114 125
40 110
24 43
122 135
182 81
82 193
25 127
15 199
68 91
113 42
192 58
128 49
144 192
90 197
126 111
135 98
77 106
195 121
107 183
131 171
14 176
133 151
194 79
199 144
145 97
176 21
164 177
25 160
183 8
46 161
191 42
171 70
65 29
69 37
69 91
182 86
130 175
190 188
95 38
26 174
134 31
122 142
187 17
130 49
187 108
138 51
32 121
116 113
9 146
5 172
196 180
12 39
156 131
47 187
119 18
22 71
29 186
27 36
67 40
146 72
54 134
189 10
128 102
59 188
183 116
70 144
22 185
133 96
178 64
140 58
13 102
47 97
15 43
26 92
91 123
115 19
107 164
38 22
151 13
166 129
177 120
136 116
129 73
107 113
119 98
72 46
175 31
82 191
126 62
193 198
101 99
123 57
157 140
110 44
55 107
152 6
101 28
94 197
36 25
167 153
182 109
114 126
87 120
197 78
119 182
20 77
25 110
115 84
53 96
54 181
59 143
4 6
53 148
145 23
90 10
65 50
168 108
88 114
134 185
101 113
49 126
10 140
132 23
72 96
89 74
81 13
28 62
153 45
11 27
198 183
73 134
121 45
36 60
92 114
199 193
57 81
8 75
187 194
163 179
186 91
58 83
92 187
185 117
77 141
156 73
123 189
27 92
45 82
188 13
71 181
115 39
67 24
0 166
35 147
82 104
40 116
31 149
117 3
93 122
159 129
180 144
131 126
123 137
82 168
107 34
162 114
42 58
66 71
95 189
135 65
18 7
42 17
4 125
168 90
114 83
106 67
20 175
78 18
68 188
184 0
134 89
104 16
129 169
132 180
192 76
180 27
93 168
33 23
170 26
36 2
9 85
60 184
134 177
62 176
106 15
171 42
149 104
27 14
126 119
141 181
131 156
148 110
188 67
76 180
183 100
165 10
83 155
55 160
60 181
150 130
74 134
86 22
61 67
79 1
170 134
196 12
29 47
100 114
149 120
193 87
186 112
1 170
9 52
85 186
56 177
57 116
40 60
130 50
5 26
75 105
75 111
107 65
34 150
136 80
31 69
64 17
107 137
35 123
18 92
69 150
87 176
108 189
71 14
82 94
103 48
195 135
118 178
98 158
77 103
15 106
122 175
117 185
137 156
99 93
148 15
43 85
184 81
60 166
157 77
121 80
146 111
141 9
49 113
74 199
53 34
5 127
54 176
163 78
111 51
49 189
7 77
39 167
5 196
161 24
153 115
80 132
169 18
17 79
0 73
127 114
99 172
161 12
91 145
149 102
144 111
93 46
120 159
140 159
142 30
62 115
102 180
7 91
121 22
41 41
199 183
102 193
126 85
190 11
173 157
188 112
55 191
6 7
63 9
164 145
95 41
193 99
173 27
131 188
123 37
112 105
54 174
163 38
126 33
35 143
22 154
72 120
170 63
136 126
108 93
35 34
50 19
159 50
75 64
9 109
125 120
25 31
164 137
72 147
128 182
35 101
43 9
94 124
187 145
57 170
44 99
161 38
6 136
82 6
99 26
47 153
118 13
110 114
110 187
70 36
185 197
20 128
99 74
35 151
43 148
186 30
104 5
80 95
125 9
44 113
128 65
176 92
110 0
106 172
155 141
1 146
14 96
21 21
127 12
1 127
137 3
118 7
23 82
69 88
54 46
192 38
10 187
74 14
125 123
195 1
3 166
93 173
50 6
49 28
16 116
48 170
89 142
93 24
105 166
141 28
138 58
96 10
120 93
179 30
188 146
70 21
139 158
38 39
61 81
28 186
163 88
166 85
42 82
91 181
11 43
153 72
11 184
114 173
98 70
151 8
73 145
3 146
196 112
19 129
4 88
146 52
180 115
12 173
81 92
27 102
117 143
44 183
139 189
148 14
101 141
200 11
144 72
106 154
54 72
194 1
26 50
102 3
186 27
38 70
195 196
116 83
163 80
91 86
198 53
3 127
68 20
13 159
58 199
197 65
142 182
45 158
142 161
130 193
117 120
117 141
183 68
101 171
136 137
146 124
71 23
90 181
51 82
15 104
131 77
20 55
172 113
189 140
12 165
52 103
64 9
126 150
149 103
173 36
57 76
140 20
96 5
7 69
163 155
88 70
90 129
172 147
72 112
52 129
34 46
27 78
127 59
90 1
135 68
164 32
190 115
100 183
111 161
18 14
164 89
14 115
131 10
141 38
187 66
78 97
35 69
43 39
80 106
139 171
138 49
57 56
18 152
162 93
84 132
144 84
159 200
44 114
95 7
88 129
37 49
165 75
155 32
200 151
176 185
50 82
119 46
196 49
123 126
131 166
167 200
28 125
149 29
151 170
119 128
84 167
17 5
41 59
97 82
161 163
188 113
198 122
134 14
185 198
27 128
182 13
198 66
5 66
130 73
133 163
111 43
126 185
99 59
118 51
142 150
176 80
118 91
184 112
94 122
6 65
134 173
83 144
106 129
173 174
117 125
178 5
170 56
146 197
68 80
39 16
60 86
86 184
95 111
146 177
49 118
52 182
0 52
184 46
172 74
154 125
88 31
197 18
175 82
104 186
120 34
114 199
167 75
78 37
102 105
136 163
90 98
137 37
117 178
131 39
200 63
43 4
4 142
74 73
97 48
179 145
151 194
171 82
157 81
46 151
198 123
25 164
164 180
50 184
59 190
190 178
94 108
0 157
21 200
15 90
44 137
100 16
130 144
142 7
184 18
139 129
194 53
161 27
137 79
116 115
146 22
20 20
51 176
195 154
119 158
160 2
57 117
17 63
32 133
108 145
111 53
65 60
110 186
6 137
194 64
155 166
0 149
76 81
87 62
178 61
80 83
189 14
137 54
80 56
46 137
119 33
165 52
194 166
128 68
55 27
139 184
116 42
52 118
149 161
189 29
195 33
184 123
24 56
58 133
124 71
27 16
52 60
79 147
103 74
149 73
27 51
0 115
120 197
106 149
25 119
166 192
80 53
179 39
85 77
126 61
52 142
27 181
186 185
8 137
102 152
79 184
64 170
178 70
177 151
49 110
71 189
139 192
88 77
89 98
178 133
15 105
25 51
146 119
26 138
166 57
177 115
43 82
69 1
17 13
184 164
128 64
83 6
187 44
23 70
50 58
4 156
144 25
23 80
162 13
97 42
112 94
35 83
11 62
65 193
190 38
60 200
148 182
73 73
149 175
138 197
182 198
91 40
74 128
189 98
115 86
200 66
44 12
50 119
84 134
73 122
74 100
176 25
196 70
197 40
54 144
156 171
34 101
97 168
23 123
154 131
133 173
151 69
2 44
175 121
57 129
13 115
111 155
112 37
164 49
123 14
151 161
15 62
13 183
42 123
64 124
177 14
117 85
179 126
115 51
150 59
44 10
13 84
179 68
42 55
55 96
200 47
188 188
133 98
28 183
79 34
0 162
169 195
13 149
18 64
72 59
188 71
147 0
144 1
31 31
189 60
169 80
94 55
161 28
139 83
86 181
36 42
130 137
52 176
183 156
10 33
109 88
147 140
138 174
185 4
169 176
115 66
52 122
51 99
153 122
199 157
125 7
1 199
103 113
22 63
188 17
40 89
75 52
74 57
128 166
39 191
28 107
103 111
1 59
112 117
95 195
178 190
82 130
88 192
104 107
43 173
38 126
168 68
22 24
93 74
187 137
119 76
153 43
123 178
126 5
129 117
125 111
12 149
125 109
193 147
57 2
120 35
54 66
19 165
73 104
181 164
78 137
187 86
15 67
35 45
53 8
132 158
163 100
78 33
59 141
49 186
107 48
157 75
45 2
115 88
85 29
28 158
6 64
149 89
123 73
61 105
73 151
31 116
18 17
184 12
78 153
100 122
115 26
177 8
24 149
175 200
70 188
123 198
55 174
98 119
51 150
116 66
102 143
50 138
100 177
182 169
80 90
31 59
140 73
17 135
38 38
117 84
122 140
29 168
183 73
126 129
188 99
183 178
48 146
104 54
110 6
124 175
128 144
164 158
145 45
64 70
85 10
89 89
190 22
8 132
116 166
186 75
64 199
1 22
74 105
152 163
87 15
6 155
58 197
113 77
52 138
172 198
102 185
98 32
47 118
85 178
45 187
19 126
38 163
76 152
181 189
29 124
138 185
28 77
166 74
98 102
199 47
71 60
42 148
120 119
103 125
125 37
15 77
72 53
151 173
81 89
72 12
63 195
53 28
5 173
195 9
69 182
70 110
160 16
65 70
42 56
89 14
28 55
104 62
100 83
147 77
96 1
193 119
141 120
4 22
172 81
21 103
130 129
117 188
137 199
182 78
117 180
96 35
69 158
97 94
188 55
113 186
24 183
42 141
166 141
178 127
27 6
78 151
6 61
200 36
98 183
101 159
183 34
114 147
155 76
158 172
16 143
85 156
27 98
83 0
60 197
170 115
173 31
198 147
20 33
44 111
18 15
132 119
199 64
145 150
28 188
115 112
39 41
194 30
46 136
65 57
78 192
69 45
182 52
158 147
34 175
136 108
175 195
195 20
68 14
106 131
106 197
92 177
110 184
100 62
133 17
99 117
143 146
6 166
12 68
80 134
121 170
188 87
24 179
100 71
142 14
193 9
115 106
99 28
11 97
107 62
13 14
103 119
16 120
6 74
172 63
96 40
105 71
96 70
70 176
7 111
73 7
198 23
116 149
98 91
187 146
18 181
176 110
37 94
65 133
33 76
61 133
174 73
37 102
2 172
150 81
25 48
169 128
0 158
15 189
141 104
183 187
200 127
159 49
53 65
139 147
29 21
9 126
84 22
50 1
194 112
62 137
108 88
163 76
182 178
191 52
63 38
173 101
43 19
190 37
174 161
138 102
132 61
117 106
54 138
110 183
102 76
67 94
153 190
159 56
34 62
158 117
200 96
184 170
71 185
94 71
0 45
66 5
152 77
128 42
138 117
71 168
120 163
197 193
162 195
54 142
157 53
200 108
91 186
73 85
162 88
112 40
137 98
14 75
185 60
95 6
63 17
57 122
188 20
168 4
37 20
72 9
135 146
44 172
153 130
113 128
180 21
75 103
147 66
103 62
4 48
62 195
135 44
42 3
176 111
147 82
170 150
131 165
150 190
67 60
18 184
158 41
119 97
108 124
100 2
5 153
45 97
191 189
71 124
115 111
132 88
152 173
96 20
103 157
155 143
12 53
140 142
72 84
134 126
191 137
7 12
14 112
94 114
59 78
168 43
14 33
58 36
138 77
133 168
38 53
114 195
59 24
102 42
179 132
159 8
197 72
28 101
84 84
50 111
155 34
23 180
77 114
51 6
195 86
108 197
40 15
185 94
106 105
185 33
99 164
86 81
101 69
162 105
119 145
121 148
43 52
49 165
87 37
9 19
152 5
132 21
102 21
17 67
145 193
138 93
119 110
100 45
150 9
7 85
60 168
115 151
68 122
159 198
195 122
33 28
138 31
55 98
29 62
149 22
17 167
187 68
171 120
72 155
178 159
165 26
157 52
130 171
24 118
80 150
19 90
102 13
88 36
131 41
144 176
14 85
24 83
167 122
52 121
60 152
66 189
97 69
45 70
141 61
120 69
122 89
19 7
160 175
14 59
197 58
109 40
48 40
30 142
174 85
155 18
25 159
143 62
196 134
130 8
57 198
116 148
122 95
61 182
147 38
81 185
134 47
179 2
127 178
56 106
198 138
160 75
37 77
32 136
102 53
146 173
108 50
14 179
25 10
153 50
116 131
67 26
25 62
16 99
36 165
86 174
176 123
115 178
32 5
72 37
0 180
174 192
136 93
109 125
98 14
185 10
49 103
191 58
76 59
80 159
199 105
76 149
90 79
63 6
121 18
53 122
140 174
106 50
3 156
102 95
140 181
45 123
150 72
64 89
163 67
52 40
123 21
19 52
57 182
56 94
121 71
93 186
59 192
75 62
6 86
8 48
75 167
199 24
190 183
109 101
112 26
125 154
33 95
177 73
36 182
76 150
38 153
38 165
131 68
86 32
8 183
8 23
43 47
8 44
64 138
37 98
188 6
156 89
127 177
198 83
45 180
138 121
1 63
126 64
169 106
154 93
152 175
195 40
176 148
119 153
118 35
180 178
64 8
23 167
13 146
165 2
137 139
76 86
21 0
182 35
18 170
20 134
169 82
128 113
29 79
191 90
107 23
158 113
76 168
85 119
158 153
124 142
2 123
125 73
172 26
197 200
97 78
183 26
151 27
48 187
41 106
13 27
158 38
64 153
78 84
143 12
110 143
81 188
79 38
140 100
2 25
9 178
170 129
105 84
43 184
161 179
5 147
183 20
168 124
98 89
191 47
121 100
112 6
151 132
194 179
17 62
177 146
65 3
25 86
21 138
57 11
48 8
99 174
9 154
133 200
20 197
45 75
30 36
141 178
115 194
138 147
161 16
182 63
16 106
70 30
66 50
76 138
106 183
55 101
192 73
125 10
88 87
13 104
103 177
174 63
30 60
12 47
88 96
181 155
167 127
84 144
161 102
101 173
187 172
148 27
13 184
84 150
30 41
97 85
199 118
199 176
26 100
182 10
168 72
22 190
167 198
26 19
188 48
38 174
39 145
190 157
54 53
114 171
168 13
125 163
165 118
23 107
139 82
92 94
118 55
152 154
40 58
73 86
61 129
190 74
9 173
124 19
105 57
174 7
112 11
81 54
168 154
179 66
32 90
61 39
161 166
129 77
29 29
164 99
98 99
27 4
91 176
134 106
79 57
58 172
47 54
185 180
6 32
61 100
200 133
72 77
81 7
15 25
39 1
44 11
31 32
39 147
130 75
3 98
78 121
178 34
177 196
10 12
15 133
177 61
172 128
5 194
132 60
196 64
121 197
93 2
24 100
115 96
170 0
165 152
13 160
11 166
52 153
101 43
25 44
70 122
1 130
106 17
59 121
145 186
83 21
103 95
197 176
99 190
149 9
148 95
167 159
58 16
71 19
35 114
48 7
77 168
30 194
120 91
107 39
15 72
0 7
5 138
138 176
75 0
84 147
99 191
142 163
9 104
15 149
175 45
168 46
57 147
92 42
89 101
37 47
82 21
113 118
34 188
44 109
134 48
91 39
122 45
73 11
189 200
41 164
161 67
160 195
29 56
170 158
9 156
144 117
96 19
143 11
137 112
76 9
167 158
103 135
48 95
135 55
168 176
161 118
123 187
16 121
125 19
165 183
177 7
160 133
71 106
200 67
193 107
165 78
30 11
58 38
72 199
119 187
44 98
145 172
46 80
112 118
12 159
122 70
61 173
99 86
113 76
196 2
22 135
100 131
126 74
28 47
160 143
143 175
143 194
189 63
144 181
173 46
150 41
76 105
143 55
21 18
146 98
160 154
46 87
72 198
59 104
84 49
117 192
197 19
73 66
84 174
2 192
149 172
119 56
192 155
97 30
2 161
136 180
101 123
176 126
164 34
89 93
137 148
183 144
26 197
158 183
1 181
11 82
150 124
47 101
88 106
162 45
78 43
199 161
30 163
17 53
33 35
130 111
146 43
31 28
30 136
24 138
93 63
59 159
14 54
14 57
98 196
184 114
59 17
162 50
121 65
32 20
167 182
47 95
176 179
119 171
74 184
83 81
56 116
92 52
35 166
61 180
177 51
187 174
195 41
18 60
116 186
140 14
157 129
46 75
67 162
120 132
13 162
176 38
45 126
107 90
0 89
69 170
147 154
54 146
53 143
137 195
65 141
67 144
19 53
110 69
196 52
37 117
86 34
34 59
10 18
77 60
65 160
75 94
82 100
134 154
160 197
67 28
119 99
101 56
101 163
86 59
120 130
68 135
144 169
91 42
94 188
19 125
62 89
35 111
143 82
110 67
65 152
3 169
15 20
171 80
141 175
13 168
64 161
122 26
34 169
121 145
141 3
81 154
164 75
177 99
124 162
86 199
14 123
60 67
132 147
121 66
148 186
177 0
57 180
90 194
85 84
51 111
160 144
2 182
125 180
148 20
10 3
120 66
49 168
144 98
33 13
7 33
170 21
187 20
12 124
55 26
31 40
10 163
145 5
24 12
96 115
38 95
39 82
172 57
55 80
26 73
34 154
153 118
159 197
162 170
112 120
7 159
142 23
127 32
134 71
185 160
118 36
52 11
175 99
136 95
192 144
85 53
75 71
62 116
182 167
177 185
112 147
45 92
61 118
103 3
2 74
97 16
193 15
117 162
177 66
152 15
112 191
78 13
138 162
148 119
3 51
65 24
114 89
28 200
122 32
68 73
107 41
153 97
170 62
7 186
124 123
114 150
135 72
81 124
158 170
9 56
64 104
74 70
95 20
153 137
56 113
46 123
91 67
144 15
134 81
19 41
124 147
112 32
144 26
148 45
159 66
16 124
1 98
55 22
142 1
60 198
132 82
129 78
43 77
12 150
0
