75
1 1
24 8
26 50
7 11
47 20
44 16
29 42
24 1
42 41
11 32
22 19
28 17
10 31
4 37
35 48
15 2
42 23
14 25
3 25
12 18
37 21
38 18
41 32
46 33
44 30
29 26
18 45
40 36
1 8
49 25
25 33
42 5
50 43
45 19
29 43
14 8
10 30
44 29
24 46
50 12
48 25
13 12
14 36
36 15
33 38
30 8
30 25
44 19
34 37
48 31
22 7
20 36
11 20
21 17
13 35
20 12
18 46
21 45
1 33
28 7
29 0
43 29
31 43
3 29
30 18
6 36
32 29
5 46
50 42
12 43
26 10
39 31
48 18
24 28
28 47
92
17 26
0 15
42 13
46 15
34 46
32 27
46 11
31 2
16 39
42 26
5 18
5 4
37 2
1 6
46 34
46 8
2 0
24 34
45 4
3 36
15 33
42 30
0 49
40 2
20 25
4 21
33 33
32 48
0 23
17 28
16 0
43 50
9 28
34 27
27 4
29 33
23 29
3 32
4 39
32 1
37 11
16 45
26 8
25 13
44 6
29 6
49 31
43 14
5 19
48 28
43 17
14 12
1 39
25 23
8 32
36 35
10 11
37 37
14 35
36 9
33 1
13 1
12 2
42 47
8 9
23 33
50 5
6 25
23 36
27 46
36 6
48 16
41 45
1 22
8 49
21 7
12 47
49 48
44 14
9 22
49 40
44 5
48 10
17 39
40 39
19 14
47 37
1 12
0 50
14 13
41 41
23 15
