2557
29 176
180 103
34 11
199 56
113 34
131 52
8 57
50 27
114 167
124 40
186 78
134 41
126 95
117 147
122 36
152 200
71 159
75 149
115 38
68 69
155 181
169 63
121 176
55 4
198 169
33 109
179 7
180 164
7 152
134 160
25 120
62 104
37 168
46 57
46 114
160 73
122 162
29 37
142 57
123 130
145 169
22 81
190 57
99 179
186 131
141 156
109 84
86 191
33 31
140 75
156 156
170 70
106 121
65 138
119 86
88 138
158 4
43 198
35 179
123 15
53 107
110 121
100 115
193 191
60 117
131 39
124 44
64 73
172 148
8 92
84 196
0 94
185 12
31 38
167 134
133 145
117 154
78 188
82 56
6 37
128 142
95 134
5 42
126 141
151 119
44 9
1 179
88 182
66 95
147 186
59 142
20 29
177 98
53 129
64 133
91 141
59 57
194 132
117 31
100 76
93 166
172 32
117 44
8 23
157 149
87 193
40 87
77 193
14 159
6 130
142 11
56 24
153 194
79 61
29 92
153 116
68 21
134 79
5 158
127 139
101 182
142 198
60 28
6 45
19 17
118 187
40 153
8 75
104 126
26 165
90 131
92 15
70 153
26 17
57 96
1 118
148 190
144 155
8 21
54 35
91 159
140 184
194 134
16 62
109 64
123 171
174 185
183 179
110 131
94 173
32 25
128 199
124 147
167 77
91 88
101 83
41 197
79 28
188 196
48 187
86 106
174 160
115 112
36 193
145 76
164 106
6 193
166 184
180 107
144 4
160 58
5 79
106 25
84 12
195 105
73 32
164 160
103 172
81 32
92 61
172 89
179 166
194 69
181 56
62 161
80 13
19 113
136 128
147 46
137 184
135 171
114 181
59 98
41 70
161 59
99 77
77 198
174 120
156 181
74 98
161 102
55 59
125 180
119 94
128 14
33 165
169 197
20 87
96 14
84 172
93 57
102 168
43 22
126 68
27 57
186 157
140 143
55 167
170 168
153 17
197 38
66 27
54 6
116 90
34 155
176 59
79 159
151 2
60 45
49 69
80 62
65 156
37 63
190 155
106 81
51 157
188 136
55 143
140 87
73 66
68 133
101 152
145 164
163 137
75 65
166 99
87 57
61 17
168 48
156 73
82 152
95 25
33 88
20 39
58 150
91 68
4 180
106 102
49 77
49 47
61 109
57 175
102 23
160 69
26 164
118 115
99 110
26 93
152 65
63 48
39 79
122 42
101 160
183 77
195 95
148 193
93 47
86 55
136 36
118 68
35 68
7 70
73 110
62 105
84 124
88 5
13 93
173 15
92 20
117 5
199 75
73 127
4 195
170 144
19 121
176 72
102 42
196 142
17 25
118 191
136 30
112 131
108 131
172 22
52 132
188 77
187 159
119 70
13 187
2 16
74 49
134 9
91 165
155 153
65 155
87 23
195 186
186 12
71 19
148 194
56 192
135 24
123 81
66 1
72 81
128 50
125 73
124 161
105 142
1 57
38 60
69 192
124 162
143 159
185 3
37 72
91 82
71 188
27 164
137 79
175 97
122 56
16 186
153 191
49 142
72 15
71 119
117 88
70 198
52 69
163 27
158 64
136 65
118 152
43 167
170 46
153 81
48 69
165 99
196 164
54 97
104 25
0 114
59 192
49 150
88 141
104 114
89 120
94 118
30 88
159 160
30 16
32 150
167 38
8 3
119 16
185 182
193 151
113 60
79 29
78 183
83 90
51 158
116 127
81 107
15 190
33 155
66 47
158 167
139 69
196 70
50 75
59 131
49 131
192 180
66 36
148 83
50 104
118 72
164 71
24 6
108 190
134 29
108 96
144 9
131 176
151 42
115 125
156 192
191 66
195 145
5 150
0 144
118 137
163 144
143 160
178 65
132 140
186 24
84 107
103 18
49 176
161 24
59 147
153 130
109 66
41 81
46 156
23 108
127 159
7 126
178 173
48 63
68 184
27 66
110 195
163 70
38 68
174 14
81 89
19 174
132 142
15 88
183 21
77 131
107 86
84 176
172 154
124 111
86 193
170 112
108 35
179 151
89 133
36 45
102 174
161 41
158 17
159 159
149 50
33 38
82 16
94 103
79 187
151 156
130 188
85 19
60 123
152 32
23 14
193 136
144 86
127 148
188 58
115 58
86 174
162 171
99 120
66 141
28 106
162 122
197 125
145 101
160 9
132 82
115 13
83 130
178 12
99 188
156 152
147 194
116 126
39 46
51 64
17 28
21 68
196 100
12 42
192 191
198 155
104 60
105 102
52 36
151 169
199 101
2 188
158 198
138 51
151 46
140 97
115 140
89 96
66 131
55 103
179 43
62 72
125 71
200 145
131 135
16 106
9 138
64 147
93 142
62 11
193 168
69 88
161 20
18 170
83 110
36 1
35 92
69 187
66 38
132 59
5 97
52 24
66 43
121 144
123 37
89 16
17 126
119 24
32 171
92 2
13 12
147 69
184 130
30 46
147 136
9 163
81 101
130 105
164 25
67 165
96 93
169 104
181 128
65 183
45 3
157 20
62 115
152 123
192 158
92 169
179 83
182 136
35 48
39 129
13 21
154 84
199 149
24 117
93 89
136 42
85 24
111 43
148 145
190 154
92 74
137 144
27 186
100 190
37 189
185 177
185 13
169 29
1 58
0 181
113 121
170 3
65 69
51 160
72 24
38 20
188 151
122 53
126 20
92 155
26 198
148 101
10 22
115 183
163 17
171 158
140 191
61 150
5 141
79 90
155 63
21 74
113 75
46 4
42 19
47 48
1 115
170 187
71 44
102 188
1 178
152 57
173 41
69 53
57 104
116 193
106 69
99 38
97 76
60 150
183 54
52 184
105 19
149 66
99 107
99 53
126 187
89 56
174 99
62 45
173 169
150 111
76 139
156 187
192 89
85 35
90 182
64 166
83 4
96 87
142 91
170 173
4 10
92 103
169 185
108 67
100 79
121 139
71 139
92 66
123 149
131 43
119 7
169 148
195 10
43 186
150 188
20 22
194 124
94 59
153 27
138 13
165 167
74 169
188 139
147 33
4 39
192 179
176 62
46 191
92 138
186 35
191 90
43 27
168 166
97 169
41 172
140 15
190 141
146 78
98 22
160 185
133 38
109 162
137 178
143 99
48 176
46 182
32 112
0 107
140 66
182 97
88 25
139 24
112 138
62 33
147 178
164 51
21 56
165 76
146 53
134 74
65 14
39 144
146 82
176 143
196 184
200 174
50 173
172 155
149 159
114 116
29 30
150 145
132 168
98 88
23 41
44 88
72 46
197 140
77 47
85 101
62 51
135 166
121 23
153 83
123 87
140 71
8 5
127 149
144 33
67 20
5 133
77 138
185 143
171 200
124 110
79 45
14 36
146 196
124 3
117 119
31 16
31 172
91 100
124 166
6 35
108 144
82 133
38 17
170 170
125 49
94 80
136 15
14 65
128 1
1 130
45 187
81 182
171 72
50 13
109 3
20 82
87 99
13 180
141 127
175 110
15 85
0 82
175 10
129 178
58 43
145 186
185 108
49 51
20 197
40 140
150 68
24 94
178 95
119 2
153 183
166 28
0 195
125 154
161 72
34 193
117 77
187 89
125 185
78 158
8 152
17 4
71 155
7 159
181 51
190 44
77 151
13 15
153 99
81 15
58 134
108 100
80 20
41 173
136 63
10 70
169 147
137 199
161 195
34 7
109 117
170 156
38 127
84 28
45 178
67 114
50 94
69 92
182 123
2 90
155 56
3 62
60 101
45 87
172 70
46 80
172 51
167 90
116 78
197 27
77 172
50 3
63 44
21 112
116 9
133 41
31 36
106 139
87 7
0 118
120 170
104 80
90 193
77 36
128 154
145 115
88 112
116 151
83 171
67 54
95 24
93 191
91 110
10 40
81 183
2 87
90 2
12 198
124 62
120 69
29 99
29 106
135 89
85 152
110 130
195 112
91 48
139 5
71 160
111 10
18 74
146 91
127 86
161 48
77 116
21 140
195 41
169 2
142 122
106 168
197 33
110 182
33 121
64 95
167 8
36 113
85 102
159 129
115 178
107 145
11 147
53 91
125 161
115 194
24 50
53 21
175 30
7 14
141 115
132 132
124 78
175 88
39 162
120 99
119 161
31 192
37 110
8 193
184 135
16 73
121 122
161 187
30 183
96 198
4 118
135 45
159 85
151 192
185 4
66 144
39 68
178 27
152 88
75 155
42 88
31 84
97 163
66 185
6 165
11 85
126 17
121 135
17 17
96 43
88 118
185 98
8 74
135 113
82 11
196 56
119 61
165 195
71 70
15 69
49 7
45 60
162 150
109 114
162 55
137 58
3 83
57 129
68 117
59 159
42 51
158 135
47 161
72 86
6 115
32 51
67 145
115 31
117 185
39 50
30 178
62 181
119 97
123 121
20 145
175 90
95 37
195 70
89 36
22 119
183 57
58 34
3 40
55 52
134 139
130 83
139 172
87 8
153 46
55 114
67 162
194 50
78 138
8 124
34 98
150 95
25 77
10 44
137 170
48 127
37 59
67 144
193 160
118 14
55 199
72 144
37 42
113 146
197 99
136 145
187 61
78 200
196 93
81 24
195 198
83 150
54 9
149 102
83 118
106 110
190 55
200 20
13 96
30 126
129 97
89 182
159 47
111 60
25 23
120 81
176 108
117 125
47 123
95 62
187 169
182 107
66 171
100 189
30 172
12 95
168 144
84 17
107 160
108 184
190 132
190 199
150 123
175 95
40 46
27 83
176 115
75 108
63 83
25 86
80 48
159 143
110 36
33 119
116 93
94 163
170 151
137 31
12 128
69 131
166 140
13 51
189 31
58 35
74 47
157 79
110 112
68 157
170 177
29 136
28 23
115 7
111 162
19 142
74 21
114 186
84 72
173 38
80 189
130 21
97 108
14 85
179 57
121 31
171 99
61 28
74 43
52 32
76 100
147 179
90 72
5 19
104 17
7 25
184 149
54 13
177 194
108 12
33 191
173 3
141 125
177 35
6 174
191 110
57 145
25 142
119 144
130 167
28 2
154 104
98 102
38 150
114 151
84 7
47 87
99 94
51 67
101 121
73 155
61 63
140 195
121 128
30 2
182 192
11 152
68 118
149 128
135 29
170 80
94 107
167 15
57 70
121 74
39 76
48 199
134 13
38 52
32 97
199 132
162 28
184 51
16 18
72 163
100 84
183 121
173 100
156 24
62 162
140 139
155 183
36 195
77 111
89 116
15 104
36 133
172 29
72 58
2 80
32 89
121 119
132 66
23 26
40 62
144 41
6 29
200 49
179 182
90 39
138 141
181 160
4 8
73 124
106 132
189 66
27 116
78 131
71 9
23 12
193 128
124 102
82 116
19 177
136 83
25 132
46 11
147 107
164 152
51 18
47 97
118 144
63 82
116 123
115 168
112 163
191 141
44 185
194 186
22 149
3 120
164 174
157 30
108 5
42 196
68 185
72 88
115 55
28 171
135 46
111 189
194 23
74 95
16 187
111 55
2 176
31 109
199 45
59 193
92 105
74 134
171 190
26 89
179 81
173 10
179 156
67 78
130 177
110 10
46 70
82 167
39 32
134 45
95 9
21 76
26 163
26 97
158 22
146 27
181 17
17 53
144 23
62 32
12 103
179 161
172 167
96 38
165 105
64 183
72 139
48 75
34 73
101 135
186 156
9 133
102 58
77 29
150 38
101 104
150 51
176 148
133 28
185 80
82 199
55 93
114 89
164 70
26 56
15 153
152 178
138 153
52 151
48 158
59 90
98 54
32 96
65 188
111 67
37 145
51 97
151 14
31 89
174 180
15 188
183 163
62 23
163 180
10 122
25 154
119 145
57 92
68 27
179 11
97 28
34 47
35 134
165 128
145 38
16 184
141 24
146 4
155 8
181 100
79 78
118 71
133 69
162 86
19 29
58 180
76 172
65 55
70 14
69 30
179 122
91 195
98 44
74 145
15 130
170 59
68 81
72 84
176 44
134 35
108 48
168 179
96 153
49 110
161 81
145 26
199 55
164 170
147 145
81 193
52 161
134 129
59 66
186 100
183 63
129 0
17 161
142 7
178 86
131 49
59 148
45 82
125 172
32 53
45 184
188 50
64 38
35 33
51 13
84 157
159 29
49 139
65 64
108 41
33 156
121 10
191 95
127 87
18 82
182 57
94 99
97 36
182 130
189 100
84 144
92 70
105 140
26 155
87 197
94 44
124 179
184 105
73 2
114 7
69 80
101 161
125 11
54 169
87 2
143 136
77 197
161 17
81 179
192 93
158 193
177 132
130 146
34 138
190 76
90 42
174 175
113 194
10 57
137 34
191 73
198 59
106 116
101 193
82 32
166 60
154 17
139 42
97 65
47 79
6 133
13 159
142 69
75 157
78 191
155 87
75 120
132 71
157 131
60 172
156 116
66 65
154 80
10 39
25 144
115 68
2 166
2 53
79 172
57 176
57 181
101 164
25 21
193 138
95 60
151 121
154 183
180 174
100 36
110 81
174 191
136 77
76 176
68 190
126 192
64 42
154 43
57 127
60 59
8 41
43 150
128 59
21 115
87 108
132 98
100 74
156 28
174 117
50 118
198 107
60 7
20 155
172 73
151 177
108 40
197 66
143 45
183 35
12 41
74 38
56 141
86 165
166 10
20 88
110 52
164 179
56 26
64 52
8 78
188 30
27 169
95 42
20 99
168 155
82 41
155 62
52 155
84 87
86 166
97 97
81 148
8 114
165 37
7 105
57 169
149 120
42 127
180 104
195 24
45 101
197 181
166 75
14 160
25 164
106 114
113 154
155 82
113 198
153 41
148 195
75 171
5 51
0 150
75 69
163 183
96 69
106 194
132 18
55 20
110 42
179 87
61 27
141 147
49 14
199 98
38 161
100 191
167 194
62 30
18 71
84 26
198 143
117 18
97 198
47 39
190 177
53 38
84 102
182 89
79 200
142 12
22 185
196 3
193 165
166 27
78 75
183 198
190 105
14 178
76 141
132 186
100 124
116 146
127 23
5 137
190 142
39 14
163 87
118 80
167 190
174 74
129 75
39 114
44 199
157 60
105 124
128 186
26 183
149 183
171 197
128 93
2 129
98 3
154 38
68 88
67 19
157 75
145 12
79 179
99 101
100 167
184 55
124 12
194 102
59 49
32 167
120 31
108 70
193 5
31 31
186 187
20 190
8 145
159 59
118 70
56 145
157 26
72 191
107 166
13 114
91 125
40 91
33 18
92 94
96 51
30 91
167 79
73 48
17 194
77 153
176 65
55 56
108 105
168 148
139 78
19 186
132 14
199 44
37 95
151 151
107 127
149 119
8 105
119 141
186 103
160 110
48 180
66 179
76 184
19 170
26 87
130 67
143 133
43 180
43 165
32 164
79 132
104 160
123 46
66 49
90 186
150 93
56 85
80 15
161 87
71 174
97 54
187 161
126 25
174 113
106 186
11 24
126 30
17 99
190 20
81 79
54 20
169 89
157 5
12 101
146 28
51 58
156 6
54 89
200 111
23 57
187 182
181 149
17 125
84 52
23 40
88 59
9 169
29 198
12 137
104 21
73 151
165 127
8 110
174 171
193 169
175 165
2 99
18 9
171 180
163 163
77 31
33 135
90 71
60 114
166 161
128 134
21 166
11 25
68 138
49 2
8 169
121 136
153 37
91 187
159 52
198 109
133 59
30 177
36 177
189 8
23 106
78 1
0 13
49 95
22 15
105 199
77 21
162 57
96 74
87 117
111 100
99 36
63 161
48 156
143 135
121 45
131 171
93 24
15 186
1 165
124 121
0 26
11 185
93 38
37 68
136 35
167 152
92 60
69 76
177 152
132 37
30 97
156 103
88 120
140 102
169 151
31 0
93 23
50 85
183 67
163 55
117 45
7 190
115 56
73 146
189 125
195 134
51 109
85 143
124 33
134 97
55 81
154 131
60 160
40 8
2 64
76 28
88 144
3 59
169 152
101 41
179 131
129 169
133 71
16 179
76 41
139 55
183 125
35 132
148 182
110 160
101 88
40 64
8 33
69 95
18 141
18 100
14 185
33 93
165 194
140 106
183 111
21 145
155 157
42 45
19 89
114 25
39 33
183 155
36 186
168 130
86 122
135 189
130 103
117 89
95 156
138 39
110 175
19 183
88 70
63 64
103 76
91 103
159 153
99 136
49 85
95 40
131 104
67 177
17 102
165 16
167 61
69 99
163 108
169 111
8 1
197 107
112 21
44 90
198 12
82 62
77 187
20 86
118 60
38 186
164 101
194 177
194 198
94 100
64 190
89 122
61 87
24 105
70 150
25 157
62 160
69 39
168 141
173 11
195 171
61 11
187 194
29 36
177 10
57 1
85 170
22 162
188 116
143 97
47 159
166 126
60 194
120 112
60 35
75 112
109 166
117 110
170 53
165 74
164 40
84 84
7 135
155 189
149 38
88 129
43 174
103 24
48 198
45 74
27 31
45 137
160 55
137 26
150 116
29 1
174 162
121 110
62 28
184 150
81 136
179 32
44 64
170 146
116 94
12 142
114 73
88 189
73 19
24 146
181 177
124 184
30 175
119 98
65 80
164 184
180 176
10 162
145 152
96 141
74 84
78 72
184 146
37 29
89 106
87 74
37 151
11 137
110 89
115 146
33 196
90 128
181 188
155 186
1 87
187 160
119 12
164 8
183 118
139 152
91 102
8 199
180 71
33 52
197 194
73 36
125 16
25 37
137 55
105 81
90 197
135 82
4 13
93 109
79 97
155 79
25 89
186 81
181 20
74 139
104 78
16 38
179 76
25 68
188 57
44 144
68 145
27 195
93 153
2 163
111 140
35 109
119 56
166 116
59 52
73 14
181 65
124 50
185 6
60 10
95 109
186 129
172 77
181 151
21 117
54 114
39 160
18 150
28 75
195 103
164 23
67 180
148 80
172 177
160 196
114 145
116 43
152 41
73 76
132 89
177 28
99 26
174 164
139 44
58 19
19 57
170 15
31 163
59 42
87 143
71 186
23 194
186 48
169 166
104 28
14 31
118 98
67 129
42 119
192 70
67 154
107 4
156 153
64 59
112 175
127 150
130 110
70 27
81 142
32 8
175 91
103 19
84 156
73 156
171 126
3 33
74 176
190 61
113 122
143 102
144 158
42 63
128 125
191 11
32 38
190 111
184 164
145 10
162 82
188 152
32 104
38 51
102 153
55 57
77 170
4 33
120 186
47 131
183 127
16 93
169 100
64 90
105 20
54 135
140 35
9 73
168 38
71 82
188 124
122 51
125 135
178 186
89 197
197 131
79 71
132 192
43 147
83 132
7 195
60 108
140 170
182 36
20 85
32 2
17 85
16 139
105 41
10 182
30 59
55 115
25 42
56 134
51 140
59 144
132 101
109 36
118 150
52 75
12 164
112 64
20 173
128 144
166 50
2 101
78 143
185 101
32 126
42 149
186 42
136 28
136 110
26 73
127 84
47 72
111 132
69 180
99 180
150 195
13 186
85 58
23 89
11 195
119 111
67 187
108 186
103 52
158 83
101 74
63 103
24 47
49 61
156 184
44 83
57 195
150 25
37 39
149 195
38 104
184 11
108 90
86 130
158 200
35 77
35 163
6 58
73 134
187 129
105 106
125 48
98 135
122 186
176 176
76 57
131 81
166 187
153 49
128 109
129 119
54 154
67 151
79 175
171 179
83 121
79 92
121 194
125 65
24 144
46 120
138 93
63 71
9 190
115 8
138 66
38 12
103 100
190 195
174 154
91 135
174 179
147 160
136 122
136 153
19 73
42 14
158 140
66 40
21 111
133 138
30 99
16 192
192 98
133 43
187 118
199 179
160 109
181 175
127 22
19 132
81 161
157 196
178 120
133 137
173 60
146 97
9 115
84 89
80 122
187 53
75 68
32 72
1 98
62 9
130 158
85 185
15 121
15 18
62 21
183 6
128 77
200 37
123 75
66 79
92 48
15 157
156 51
198 66
39 177
198 175
80 169
186 135
115 163
196 172
83 155
15 136
116 1
149 196
20 138
69 29
170 89
186 123
94 71
197 28
160 56
11 94
33 79
86 53
69 183
22 29
122 188
107 85
5 84
183 23
161 128
200 5
146 86
97 147
87 68
137 98
179 136
12 197
77 86
68 198
130 33
178 100
182 165
69 133
153 200
154 162
110 196
183 66
102 37
141 4
144 143
98 183
121 181
133 167
19 159
117 168
2 190
96 29
170 180
35 56
22 111
3 119
109 109
5 178
193 182
166 170
14 44
5 123
114 85
74 102
191 119
132 33
188 113
6 184
154 0
145 96
68 78
138 177
95 87
51 98
6 74
195 189
8 116
97 94
43 135
174 18
163 159
200 58
96 1
93 146
53 139
143 58
109 156
83 95
196 94
43 192
19 158
97 153
78 132
68 149
121 62
102 160
113 186
35 126
178 200
94 90
69 60
23 121
99 23
72 42
98 61
159 34
128 159
67 34
38 177
66 159
29 23
35 106
199 119
101 142
64 178
110 0
30 135
109 189
19 15
67 81
156 169
181 158
103 50
23 169
44 176
142 105
20 83
190 0
122 159
21 196
156 7
99 119
138 187
117 68
132 44
146 169
89 25
129 181
170 165
149 135
152 169
94 64
170 166
159 101
103 58
194 157
32 153
163 134
32 27
128 192
139 53
174 96
8 150
15 154
3 198
164 176
145 71
181 14
157 87
40 154
148 39
0 122
19 195
103 7
14 33
139 26
101 120
9 139
54 21
119 127
189 2
52 117
117 195
180 90
132 78
191 187
74 149
98 196
58 54
166 49
12 25
40 192
170 7
126 106
74 99
170 116
181 3
148 60
5 117
77 74
159 92
174 149
31 18
73 147
25 128
122 180
5 96
55 35
174 19
182 183
92 49
51 188
142 74
92 104
198 31
92 125
166 183
176 19
48 172
92 116
21 98
181 72
192 12
114 99
39 133
155 40
138 122
103 44
128 12
132 191
5 116
52 70
146 52
100 172
84 133
31 119
44 20
152 48
125 9
137 192
159 4
188 164
162 143
85 78
102 13
6 159
183 200
194 21
36 22
3 148
64 196
34 168
7 97
182 34
80 71
161 115
13 54
134 152
22 20
171 192
12 31
133 19
61 107
74 159
107 178
43 37
66 92
30 55
32 132
50 128
56 163
82 98
42 64
159 107
146 116
67 11
48 93
45 27
115 165
5 169
60 44
70 186
134 95
16 189
169 12
170 172
12 159
29 75
97 160
16 47
17 124
104 36
167 5
13 27
59 130
0 109
14 153
185 140
83 178
176 141
74 79
122 91
149 104
185 54
93 133
53 126
22 144
6 22
18 69
1 168
121 199
39 132
25 148
94 197
156 112
7 66
105 179
51 12
85 125
71 103
83 137
87 77
112 70
130 126
175 80
186 74
33 187
158 36
198 138
43 162
134 39
112 99
58 127
46 47
141 145
49 11
194 171
183 40
113 98
130 6
68 130
2 130
24 164
177 68
78 54
146 1
107 27
188 117
100 52
161 196
81 38
99 49
2387
108 88
50 175
79 114
11 33
8 189
62 189
84 81
65 129
170 92
52 193
26 176
120 171
7 193
75 151
63 159
41 29
3 193
84 5
53 30
94 25
191 102
186 8
174 132
104 33
186 71
147 102
188 78
4 188
170 49
4 102
0 18
135 102
10 198
187 79
117 99
113 50
0 169
28 190
130 81
127 80
44 187
90 93
74 109
47 126
175 12
26 51
170 200
155 128
195 169
55 27
43 175
35 38
132 131
149 165
99 165
141 108
93 11
95 183
33 9
186 178
32 7
115 181
42 185
95 143
84 129
171 120
77 189
152 113
167 35
34 117
3 178
54 17
152 63
127 166
28 90
35 169
134 75
181 122
94 136
24 37
141 40
44 70
46 82
103 101
8 117
4 91
186 109
151 158
174 0
36 97
126 44
33 157
94 115
100 138
96 68
172 119
50 44
108 54
146 51
42 80
20 19
187 55
37 53
119 36
120 185
95 38
130 111
40 60
47 30
148 102
102 93
162 18
44 36
156 189
156 10
164 3
133 91
100 187
78 133
109 56
66 132
150 105
85 28
168 76
156 40
36 174
139 60
124 137
85 94
104 137
159 31
180 189
141 110
172 190
10 197
118 49
171 32
139 63
95 33
165 64
185 35
91 191
32 105
25 78
23 55
78 49
65 39
56 9
76 64
127 27
144 59
44 91
27 107
184 166
135 36
44 112
139 194
10 141
53 97
8 159
63 89
184 45
80 78
45 70
86 41
25 199
193 124
138 120
104 15
195 123
125 121
44 11
87 119
120 93
91 167
196 161
94 1
153 29
28 77
52 153
181 46
79 86
68 36
65 186
51 196
32 100
38 40
49 124
136 174
52 133
33 176
2 96
172 67
83 134
32 159
157 111
121 137
98 72
137 115
146 153
32 162
1 105
33 8
47 120
14 145
2 36
177 178
93 159
194 147
39 9
70 113
182 121
161 131
10 134
159 23
54 32
42 67
33 20
196 45
169 58
109 122
37 65
8 68
198 85
166 97
187 25
182 29
189 11
145 146
157 177
48 162
149 37
125 122
164 22
5 192
125 35
68 39
19 60
88 0
23 135
155 0
98 174
91 136
77 80
0 163
47 196
57 158
38 138
22 199
114 96
160 121
65 196
134 42
73 96
97 61
127 106
90 161
164 52
167 172
24 195
12 46
19 50
95 57
174 44
92 132
78 157
131 124
26 185
185 170
125 192
171 143
65 193
180 152
53 1
2 148
19 100
128 162
111 93
94 149
14 184
90 158
42 194
154 147
19 74
138 198
148 65
75 106
100 186
37 162
4 16
27 82
131 156
29 183
9 82
100 136
137 60
29 126
66 98
108 30
184 199
161 135
36 172
113 159
146 113
0 59
13 117
28 45
127 8
196 91
196 152
98 86
77 128
198 45
136 100
175 56
111 192
192 82
200 46
68 55
75 125
48 87
104 132
131 25
126 73
41 190
154 152
89 124
175 20
36 139
6 190
34 89
26 77
134 179
33 107
2 71
15 89
163 125
74 132
50 187
94 117
36 12
89 65
193 176
143 103
197 75
95 190
152 84
7 39
141 103
171 152
102 19
37 198
41 199
31 87
141 158
22 107
125 3
185 31
89 121
154 126
178 145
146 122
184 43
154 93
96 200
84 49
152 73
150 22
27 141
173 43
96 175
174 61
160 34
157 58
174 72
26 19
17 175
72 27
97 12
103 135
165 112
51 9
75 18
158 89
151 160
32 147
43 5
61 163
151 37
166 45
0 138
82 184
21 122
46 181
9 137
190 86
76 92
85 130
181 170
199 137
136 94
139 187
177 113
0 137
180 180
187 50
88 104
194 92
81 92
195 73
126 87
109 21
64 119
119 104
72 0
13 192
78 91
108 173
54 50
157 200
169 137
70 190
58 139
157 145
64 80
153 161
135 122
70 92
48 200
91 193
141 27
157 187
126 33
97 74
65 82
35 180
72 68
8 56
151 68
17 9
125 75
5 111
175 41
109 133
154 57
59 22
18 136
116 118
130 178
33 183
62 126
86 117
179 20
192 87
28 11
72 160
178 44
43 189
163 164
87 161
54 151
157 66
147 177
37 150
51 102
117 179
196 43
60 73
62 141
8 58
6 85
122 70
90 121
75 198
181 31
85 0
157 31
93 138
193 91
77 43
27 53
51 35
0 67
65 90
28 4
98 76
122 30
32 124
151 116
95 80
66 109
136 67
197 19
195 90
183 62
159 95
96 36
134 146
186 115
126 148
162 164
0 193
84 55
193 112
197 36
131 118
150 37
87 98
110 72
37 87
28 132
180 8
125 184
189 139
31 173
15 177
24 67
112 173
155 59
82 55
150 59
127 165
91 194
180 181
32 161
181 103
160 84
47 6
176 171
109 63
107 164
112 150
49 62
136 157
108 27
167 95
0 81
76 15
173 125
192 153
46 9
33 7
146 68
134 20
39 113
99 33
127 169
25 94
79 23
54 145
119 46
3 126
28 129
1 154
123 179
16 26
87 192
151 136
30 71
156 168
157 124
133 54
151 30
78 113
197 88
5 98
65 78
39 190
168 117
89 19
87 36
138 146
139 195
116 107
47 23
167 200
127 24
104 188
95 194
25 25
37 141
106 47
16 185
168 50
14 181
137 21
159 66
128 23
99 48
167 185
132 92
191 75
192 103
144 25
98 195
40 175
0 149
173 147
141 100
136 112
71 109
19 182
94 66
177 32
187 16
32 18
92 176
118 196
96 112
66 180
50 55
28 184
45 188
79 133
146 198
183 27
122 64
177 6
136 75
7 144
35 54
99 73
136 99
54 150
150 131
177 175
46 75
118 119
143 121
143 181
71 153
47 165
17 15
144 70
34 134
178 79
158 99
29 122
31 79
37 146
110 80
157 15
129 197
0 152
30 33
43 73
95 129
56 14
25 126
118 167
116 192
130 151
191 61
47 101
49 21
91 42
11 20
70 101
195 160
158 19
191 162
128 65
19 119
129 70
188 97
144 57
146 136
167 156
125 2
108 60
111 167
129 166
25 192
197 154
159 97
184 35
92 192
194 103
84 166
100 5
152 40
77 143
176 73
24 79
189 127
114 156
109 124
31 20
164 20
75 181
54 30
153 167
73 5
153 14
3 84
142 26
34 8
113 115
148 125
137 112
147 74
191 3
105 14
197 141
5 86
9 167
89 140
153 189
16 60
85 34
153 61
64 74
67 186
120 22
175 106
74 26
103 198
132 0
146 77
106 71
115 153
131 155
94 36
115 173
2 160
187 29
48 179
160 148
93 32
65 135
11 128
180 108
97 14
77 94
174 166
134 66
150 181
0 164
8 176
163 131
102 28
32 24
73 103
82 144
195 85
60 40
89 144
6 128
151 161
11 166
151 81
174 134
78 82
117 109
29 59
12 132
39 123
11 124
36 164
81 143
168 182
135 133
162 187
122 139
147 80
161 4
15 118
44 14
105 23
94 55
15 34
129 124
152 15
107 179
2 182
91 196
123 190
175 98
71 185
57 125
3 162
133 172
140 94
45 154
94 102
67 163
43 88
188 7
128 132
69 165
43 194
104 165
93 104
0 125
184 14
55 72
59 26
116 153
74 194
90 139
194 200
110 143
80 160
55 50
101 63
153 67
64 36
66 16
42 154
122 87
11 183
177 23
25 152
24 34
140 46
135 15
76 190
18 101
91 92
134 133
122 190
37 43
113 173
67 170
30 156
153 153
63 123
176 66
133 110
38 38
145 128
96 151
192 3
65 40
94 24
42 1
189 129
86 144
3 21
50 103
97 64
175 137
177 105
101 148
55 42
40 150
109 93
172 140
178 26
155 15
131 163
72 151
184 125
185 32
113 104
53 108
77 20
181 110
46 112
107 186
133 35
193 127
129 79
80 129
84 135
113 156
81 147
190 131
94 95
63 164
106 0
144 48
102 169
25 145
182 16
147 21
188 198
97 88
140 40
57 52
198 91
54 122
120 72
72 146
81 90
195 78
181 96
93 175
166 65
49 113
106 146
177 125
112 80
53 60
92 129
56 193
166 25
185 58
11 114
185 168
103 34
163 73
180 128
41 23
176 132
153 140
107 116
167 141
46 128
77 148
27 94
28 198
26 170
23 159
187 155
133 149
165 70
79 18
29 20
55 118
32 101
180 54
169 158
72 171
178 67
93 114
14 39
52 131
149 113
105 65
200 86
176 196
142 93
147 130
83 142
90 118
134 104
20 74
193 45
106 68
22 99
21 50
42 109
60 39
196 154
89 195
0 92
28 174
68 159
14 1
46 89
116 31
56 18
151 125
33 29
56 34
132 13
7 199
143 70
176 200
96 97
145 34
33 27
175 31
94 53
22 186
32 19
37 188
41 96
127 190
106 91
17 30
112 180
183 112
13 26
27 93
49 134
29 48
169 182
169 113
24 16
60 105
123 110
0 167
155 96
122 71
39 3
156 139
58 4
90 59
116 50
20 136
169 55
187 103
79 191
22 125
132 169
20 70
156 90
78 114
110 135
119 82
115 82
117 187
171 66
155 173
128 79
146 21
50 7
182 87
139 27
137 1
31 72
190 59
142 66
52 3
1 5
34 5
28 191
100 8
69 199
149 24
135 13
2 77
129 140
56 75
198 105
171 171
128 146
40 69
105 165
78 105
23 85
156 69
194 12
64 124
133 151
131 74
199 57
161 180
161 96
164 102
190 194
22 181
30 42
120 21
182 59
92 35
28 85
141 151
74 92
55 70
134 127
71 21
43 20
177 18
158 189
141 150
107 63
145 125
143 15
13 17
100 88
74 170
169 95
156 88
107 147
13 185
62 53
50 183
83 28
16 125
1 34
62 114
32 187
122 121
43 68
139 8
153 193
18 59
154 98
121 42
99 190
93 14
132 165
77 63
182 193
60 21
161 37
121 17
100 102
53 69
90 113
13 39
86 107
44 148
96 65
97 101
63 165
195 120
127 57
149 100
28 28
132 150
113 107
55 12
127 168
109 4
151 51
28 178
186 61
150 170
163 69
13 154
42 131
60 14
198 62
105 120
133 42
53 154
95 114
120 8
88 180
53 183
36 161
16 111
69 0
58 85
77 51
130 149
200 22
157 116
197 72
104 167
114 191
160 47
9 42
124 38
135 18
6 137
56 42
137 141
75 164
2 18
118 148
65 100
28 33
44 35
37 155
58 109
135 155
71 101
111 176
162 155
91 95
108 136
44 24
153 78
113 82
64 105
36 115
116 16
171 93
9 121
31 12
32 136
53 168
126 72
122 140
47 111
38 140
103 175
169 57
87 4
44 1
129 186
0 177
141 196
88 35
83 184
79 118
91 2
96 31
74 66
89 80
21 172
189 113
81 151
47 107
71 183
134 102
102 106
163 196
57 103
15 102
88 177
188 19
79 151
187 170
195 5
70 10
165 33
72 75
142 113
120 190
46 106
182 119
57 17
33 33
186 9
170 96
108 101
165 24
37 100
67 172
79 126
73 143
159 27
194 175
149 32
127 2
163 113
25 174
84 155
23 185
85 56
109 185
106 42
63 86
40 168
111 29
76 112
30 127
31 189
144 178
109 128
146 159
60 65
131 123
197 81
89 139
100 82
86 175
97 52
187 109
112 161
112 68
128 133
120 160
146 61
54 173
86 181
34 106
161 138
179 163
149 92
41 5
160 85
25 85
67 35
150 87
184 101
189 24
104 156
162 158
63 18
68 142
11 57
134 16
77 137
42 155
109 177
70 151
90 104
25 30
112 66
131 113
54 133
182 49
150 185
121 130
15 7
106 33
184 131
193 179
67 134
75 168
188 166
28 84
199 41
13 168
71 24
9 151
115 129
129 123
58 20
93 193
186 169
73 172
102 10
177 148
88 58
176 74
46 1
83 175
99 182
194 48
65 174
37 97
56 113
64 159
153 144
10 199
159 76
167 170
123 168
158 190
60 133
106 117
176 102
9 92
118 123
176 28
31 5
124 159
194 53
113 185
125 160
118 176
143 155
61 103
70 53
47 168
136 170
157 65
55 177
13 29
85 123
86 35
50 84
89 95
76 70
5 156
83 24
168 128
156 82
67 100
121 188
5 31
129 193
106 118
57 13
162 180
175 54
120 108
199 118
65 124
50 153
115 185
51 167
79 37
150 9
106 70
34 151
171 23
8 166
66 58
99 196
190 136
136 18
158 16
137 118
94 184
67 48
174 159
75 191
8 49
56 111
70 72
99 111
186 19
121 195
47 58
47 44
91 16
42 118
99 31
73 182
69 14
156 79
65 38
2 107
62 113
135 95
75 93
38 145
10 139
183 82
24 29
104 61
75 0
149 199
198 156
60 56
67 86
118 162
171 1
130 7
1 100
164 80
36 123
30 176
51 17
57 105
183 1
167 122
171 83
21 69
64 145
165 40
126 10
39 8
20 153
45 15
81 106
192 74
53 28
53 81
65 96
192 120
126 102
22 160
63 199
60 19
22 25
41 71
183 106
102 64
157 160
63 29
125 79
52 198
57 42
25 2
147 158
9 158
92 52
142 64
84 97
58 115
195 158
33 171
10 102
109 48
90 183
8 46
136 119
103 145
49 115
6 195
39 104
103 125
20 135
119 4
105 31
81 30
47 11
118 122
195 152
35 146
188 40
4 57
162 6
76 107
124 171
169 65
160 32
97 104
117 122
57 123
116 67
11 190
104 93
69 82
65 17
48 120
116 110
104 195
68 7
12 7
160 76
98 0
104 97
157 56
66 86
169 36
131 137
174 86
133 159
61 98
45 47
34 95
20 89
110 26
169 49
12 3
116 7
76 88
70 19
120 137
187 140
50 165
90 48
83 143
56 156
50 111
87 35
33 78
83 200
120 45
79 8
100 22
87 92
142 97
22 69
124 188
180 34
168 16
153 171
167 34
159 39
0 84
134 57
22 146
88 38
100 188
16 97
3 41
96 191
103 48
117 74
134 193
9 191
122 90
22 96
191 10
83 22
163 150
180 122
114 138
13 58
13 100
123 39
100 132
149 59
87 26
46 111
63 38
12 166
105 108
92 44
16 49
64 136
19 84
24 145
44 77
144 67
185 37
87 73
99 126
51 122
116 129
67 153
60 116
135 84
170 162
59 154
87 175
61 99
158 53
53 185
144 181
18 65
85 73
96 58
119 190
28 126
63 97
44 37
75 95
39 103
6 183
81 168
121 111
138 112
94 62
117 100
109 154
13 87
108 142
108 95
125 174
189 172
160 182
172 168
175 3
116 83
186 167
124 192
173 64
104 145
94 134
60 131
125 125
79 58
85 9
181 43
82 148
46 200
184 175
161 58
149 26
187 139
48 2
159 60
80 44
155 109
66 52
73 49
122 133
146 44
58 10
65 22
51 99
45 34
118 79
13 74
57 115
179 154
164 68
127 157
23 64
9 155
42 37
136 45
142 76
191 101
175 131
93 118
1 147
20 194
187 97
10 196
95 99
14 142
162 193
95 120
8 121
15 19
172 44
78 117
114 30
113 102
141 7
180 93
134 77
112 107
121 186
151 127
25 73
5 3
178 84
165 7
183 34
123 79
125 13
52 173
161 162
35 67
24 155
165 100
55 179
76 131
48 139
19 200
166 160
75 188
162 94
10 81
9 195
83 120
67 55
172 0
84 117
33 154
17 171
186 13
45 168
163 198
150 178
69 2
76 56
198 161
114 117
156 36
177 50
96 66
17 199
197 87
41 120
186 143
37 142
73 150
20 176
30 20
131 189
161 74
197 132
142 18
139 62
151 163
134 80
47 75
155 143
59 93
93 177
43 59
19 70
195 42
193 152
143 152
42 153
8 194
161 118
50 160
98 140
76 16
193 56
63 160
7 24
148 197
9 132
134 185
102 178
77 180
159 141
199 169
71 11
84 164
182 26
1 170
133 94
194 55
159 116
105 13
188 25
194 130
25 125
110 65
6 149
141 54
37 157
9 177
111 171
138 0
47 50
129 132
12 181
129 74
91 47
180 2
23 83
97 188
103 0
34 105
10 65
185 149
133 80
151 31
107 15
185 68
74 82
11 71
178 198
160 146
143 148
47 74
152 56
159 192
109 75
44 172
1 59
149 136
200 117
129 129
12 177
43 92
166 117
134 111
139 49
175 101
188 29
47 90
148 82
98 197
84 91
183 107
35 135
151 106
135 43
31 125
128 33
189 182
160 106
38 124
23 196
95 64
120 90
85 38
42 125
50 1
31 115
97 1
124 81
136 148
46 104
11 11
151 168
193 180
190 185
81 70
69 100
67 61
199 90
185 189
108 179
76 29
198 67
179 104
107 8
178 37
171 138
68 174
140 200
169 105
87 34
196 186
2 165
150 180
93 10
141 92
71 16
62 67
116 148
138 34
66 35
49 185
107 136
172 145
74 104
166 61
121 39
111 110
48 113
20 185
69 57
22 115
131 56
95 167
24 42
17 167
70 77
193 22
31 145
87 19
24 157
139 130
6 150
148 191
122 92
89 51
191 131
72 21
100 139
58 120
193 23
1 84
27 19
96 0
55 195
167 1
46 12
59 182
98 67
92 63
190 192
107 198
196 27
157 153
195 54
56 189
1 180
177 124
73 169
60 80
152 53
26 28
87 79
156 56
153 5
160 125
141 124
14 157
90 125
156 87
37 171
33 83
148 196
150 92
102 27
66 158
172 99
110 82
191 108
117 73
147 128
131 166
136 40
103 183
15 193
19 108
94 19
183 137
147 88
20 132
48 38
12 190
190 3
109 16
121 11
198 80
172 6
114 159
57 110
65 51
43 24
39 86
198 93
66 10
84 136
147 67
108 75
170 28
111 79
170 182
64 7
118 120
149 151
134 63
16 177
192 26
79 137
91 98
116 197
82 52
198 182
61 25
37 88
31 66
139 65
54 110
73 4
39 49
34 90
103 153
133 105
183 60
193 150
196 19
195 146
81 138
42 30
133 5
88 197
169 59
119 76
51 161
92 46
140 61
41 54
5 177
11 8
80 75
14 84
97 103
8 34
61 83
11 181
70 128
192 79
60 58
79 142
2 144
81 66
146 22
50 162
131 50
129 126
15 5
54 116
102 14
148 198
92 22
52 10
79 157
134 64
194 194
35 131
105 15
175 32
77 68
144 175
178 170
174 125
58 133
138 47
136 109
108 198
36 35
99 97
169 128
109 55
174 108
32 60
61 193
59 91
94 77
3 146
48 17
54 95
95 164
150 147
146 98
121 189
158 124
55 78
193 163
96 118
108 4
33 136
12 113
140 149
186 180
190 29
38 181
191 87
36 116
108 74
63 80
9 83
49 133
80 38
179 10
111 136
188 98
89 172
165 41
159 88
57 184
149 35
101 79
104 47
104 111
76 74
72 123
1 28
23 140
92 109
76 138
102 34
114 13
101 54
154 130
20 52
63 6
28 29
181 57
35 177
12 93
163 124
139 185
98 144
107 190
36 40
179 98
110 132
106 75
107 93
127 79
142 4
159 121
81 132
121 13
18 148
35 195
199 181
119 13
182 125
47 163
48 163
82 44
76 63
72 115
12 63
122 85
117 157
192 14
143 158
119 195
151 112
171 150
186 91
40 188
48 171
148 48
91 127
195 179
196 83
118 12
130 11
195 175
139 48
152 44
181 6
108 37
17 42
176 178
58 26
139 166
162 96
133 1
175 196
107 172
111 34
69 158
120 167
69 98
189 196
174 91
109 192
108 16
32 130
123 162
59 36
152 182
17 174
163 192
119 33
159 172
84 63
143 87
34 191
9 100
99 197
13 69
168 40
20 108
160 67
134 68
15 15
177 40
13 72
71 84
174 137
79 177
145 190
168 145
32 180
102 185
55 21
75 189
126 11
18 138
36 60
125 120
95 49
31 158
9 101
92 65
163 2
117 26
147 195
197 130
134 23
55 181
153 113
150 172
23 177
124 140
160 22
41 21
181 98
171 199
168 51
109 138
74 48
144 79
163 91
56 129
10 61
149 105
18 140
5 2
32 88
171 165
8 134
138 12
131 126
161 76
118 149
11 176
103 28
56 101
9 12
94 193
162 67
111 62
78 39
80 163
182 134
134 100
163 28
136 106
191 177
120 128
31 116
182 91
14 98
58 66
172 159
191 2
164 0
161 163
175 164
47 18
40 65
44 8
157 106
120 63
120 10
29 147
7 18
51 181
144 171
123 155
87 188
115 51
157 34
28 3
80 88
44 165
164 137
7 143
164 67
123 124
29 101
101 31
97 167
106 22
186 126
48 33
99 85
99 61
40 19
51 166
184 186
102 38
165 28
123 59
91 114
32 181
102 26
128 182
62 47
103 143
127 58
5 72
84 121
155 60
171 94
163 48
114 144
194 181
69 173
2 104
93 141
185 110
79 55
101 48
115 17
147 126
172 14
101 101
170 48
48 88
110 91
130 113
18 89
170 118
165 180
48 67
173 73
95 28
35 94
24 13
177 153
121 37
84 120
166 178
0 45
71 118
112 140
68 80
172 176
122 3
166 42
138 171
184 15
168 154
26 65
125 131
43 26
128 63
84 170
76 166
94 88
61 45
135 194
187 137
79 75
16 160
191 17
160 87
14 102
159 9
25 171
73 13
6 42
65 1
87 142
142 102
122 172
73 135
23 25
90 103
71 20
8 35
112 51
193 4
128 178
147 81
147 11
171 42
4 141
126 78
52 47
182 58
94 120
85 84
102 148
90 10
177 2
162 52
86 1
38 168
93 35
199 153
183 45
24 80
43 143
147 51
134 136
179 50
34 14
123 137
118 47
183 115
