39
49 16
39 25
33 46
47 15
44 41
32 21
3 32
17 34
29 14
41 34
39 12
22 6
15 23
36 35
49 37
5 34
40 32
28 25
27 35
25 4
21 10
23 32
4 24
2 1
22 45
29 27
43 46
13 21
31 24
36 41
35 25
13 22
38 44
47 4
19 45
9 1
7 30
29 11
0 7
52
33 11
27 10
41 18
4 50
29 30
37 23
39 47
4 34
43 48
33 17
4 27
7 0
16 15
17 38
24 19
42 50
0 16
39 16
48 3
13 6
39 13
18 47
3 50
32 5
41 31
14 22
36 26
9 15
23 40
22 49
11 29
36 5
24 7
2 15
9 14
35 17
24 30
19 8
43 13
21 13
27 12
39 26
40 43
14 27
44 20
36 8
37 14
43 37
7 26
14 47
23 14
49 7
