66
33 40
48 25
12 19
30 48
35 22
19 30
27 40
43 27
49 9
47 23
36 25
48 0
21 44
3 38
34 14
18 22
24 49
5 3
4 29
45 41
50 17
50 48
21 34
20 31
47 28
18 30
1 24
44 10
34 42
25 50
21 27
26 36
41 9
13 23
30 35
39 12
10 15
37 44
27 12
6 35
6 12
20 5
40 31
8 25
13 29
38 30
37 2
42 22
5 44
48 34
8 10
25 12
21 33
45 17
13 50
28 36
5 22
20 25
31 0
16 24
21 32
3 0
4 36
38 27
12 13
5 25
17
42 15
36 17
25 36
14 21
43 42
14 25
43 11
1 26
19 10
14 28
32 50
22 49
1 46
26 14
19 6
26 26
50 50
