422
171 34
12 115
163 198
107 181
149 171
13 38
82 139
171 17
72 8
92 100
136 181
31 150
173 15
63 21
110 161
57 26
73 18
116 96
199 78
68 4
198 142
171 152
154 101
142 167
127 56
21 101
117 153
43 14
106 58
112 181
200 19
28 53
85 102
66 59
94 172
182 34
24 23
7 8
81 132
103 193
176 132
56 2
75 90
194 1
110 8
60 190
162 196
6 79
69 151
43 170
182 178
135 70
151 12
8 8
103 110
166 147
145 64
28 81
166 107
139 136
162 4
121 82
99 116
87 174
116 168
28 137
54 23
118 79
90 61
71 93
13 182
197 104
100 47
120 187
189 55
17 141
60 138
28 183
14 145
45 83
121 22
162 32
27 2
4 152
178 113
13 114
86 107
95 108
173 90
91 59
79 126
199 33
160 182
138 15
54 85
10 90
14 131
186 155
162 133
35 119
104 137
159 28
74 128
1 103
52 46
89 111
35 112
133 128
159 3
77 157
31 164
151 126
101 151
166 102
162 185
169 186
55 107
42 40
153 55
47 51
46 156
24 63
57 198
153 116
200 100
119 152
34 135
103 161
89 39
171 64
30 47
25 97
197 61
21 64
47 118
188 161
118 112
153 151
158 47
87 30
139 163
101 117
194 57
23 176
57 183
139 15
120 69
77 182
168 40
178 40
107 105
23 5
64 138
18 55
11 81
144 162
70 79
9 190
144 46
137 152
30 68
51 102
30 166
174 16
188 27
4 121
33 66
19 67
125 149
46 138
185 23
136 178
102 79
0 151
1 110
159 199
170 56
29 51
96 127
108 34
135 195
90 143
160 96
31 66
133 195
105 115
141 83
13 187
198 42
196 171
198 179
50 140
50 113
92 80
147 151
121 180
59 131
166 75
94 51
105 95
63 124
32 123
97 105
92 183
2 43
137 67
74 11
92 16
57 178
33 39
7 18
174 195
108 149
137 174
118 18
193 190
162 157
3 116
147 53
154 142
195 28
31 148
53 23
73 92
139 38
87 33
28 57
74 186
58 102
37 41
33 190
16 49
87 95
62 77
97 151
98 116
117 138
159 59
152 145
129 194
69 172
75 192
163 23
40 64
32 183
168 121
18 198
4 186
87 13
92 78
170 67
63 129
98 13
33 108
121 143
104 194
137 71
3 108
197 126
155 129
122 190
116 199
76 13
178 23
133 141
191 109
43 130
86 115
152 54
173 133
131 36
103 10
96 155
70 182
174 87
192 177
10 42
173 51
92 20
81 122
77 57
154 16
146 1
138 21
134 116
162 38
130 131
25 191
139 37
54 43
114 38
49 5
99 15
45 138
199 43
198 192
94 17
158 105
117 195
170 37
26 37
164 34
170 84
92 53
184 90
171 136
183 72
81 32
164 43
193 2
120 49
24 181
110 6
29 100
53 15
1 55
41 52
76 10
81 16
148 177
2 53
34 104
180 84
33 79
138 146
38 76
84 107
49 58
47 128
200 93
169 85
94 21
29 96
39 54
113 83
196 93
60 9
17 111
36 161
180 172
46 42
101 168
48 142
14 30
193 15
187 157
85 39
136 188
139 35
6 116
46 127
19 86
46 77
109 89
117 40
185 120
195 134
182 7
102 34
39 191
79 189
77 33
98 23
35 85
104 76
124 98
113 193
135 68
56 82
79 180
94 40
16 191
56 41
106 186
29 99
124 65
144 48
184 142
11 31
131 168
71 60
177 186
183 160
30 62
81 57
48 19
33 37
31 153
200 35
183 115
31 137
100 117
10 136
131 85
101 90
54 74
161 74
74 192
156 47
167 66
145 7
87 109
135 15
195 178
168 197
51 107
132 85
165 26
59 130
93 149
149 61
60 166
9 118
160 94
40 171
122 167
62 200
81 10
67 96
16 62
20 131
157 114
770
188 160
55 133
129 64
179 47
182 41
198 185
167 102
150 132
200 186
38 134
168 22
93 40
190 125
134 28
14 182
129 150
197 17
125 86
186 113
24 27
50 158
101 30
34 89
179 171
162 170
127 30
106 116
51 132
198 65
200 24
196 74
98 135
12 80
55 12
104 45
199 185
155 188
51 44
103 183
51 12
18 89
129 29
195 172
20 161
98 184
83 154
150 154
89 59
195 151
182 86
191 118
79 130
169 122
106 54
96 131
19 54
31 52
73 152
18 57
10 57
199 21
21 170
135 170
44 137
36 37
119 158
154 32
13 73
153 129
35 152
47 163
105 156
100 181
17 198
97 184
71 186
12 178
44 3
57 80
162 60
69 92
167 97
100 169
118 146
21 36
58 192
103 38
171 153
56 35
2 170
119 33
187 200
129 107
168 167
78 75
69 113
115 28
120 114
0 193
175 22
193 121
53 0
46 46
150 60
158 19
40 130
72 157
156 44
128 7
144 112
192 105
167 24
101 75
37 77
45 69
21 45
86 7
97 182
15 49
14 46
110 61
80 196
95 172
64 134
71 27
99 35
151 110
20 192
141 193
127 167
169 97
11 12
36 181
55 54
187 107
52 166
154 121
65 115
127 57
81 9
134 73
87 141
4 171
129 124
27 6
190 60
45 91
47 149
23 144
153 120
136 126
19 7
6 20
182 56
195 9
59 163
174 118
156 166
186 117
194 123
138 130
81 178
194 178
82 64
65 126
134 153
96 49
53 122
26 198
156 30
37 112
149 98
1 29
141 10
68 138
129 42
200 39
195 129
98 50
27 31
200 68
177 158
28 145
178 45
115 33
143 16
173 184
23 80
16 40
177 115
26 88
172 107
5 132
99 4
146 64
175 12
101 68
90 77
156 46
198 189
30 48
138 155
171 108
9 90
28 18
54 181
142 73
179 52
145 45
122 23
193 46
84 139
170 101
56 189
58 109
44 23
189 17
117 37
3 103
170 114
36 193
156 172
137 74
142 94
96 8
147 51
164 96
119 69
24 142
1 131
8 76
197 54
167 26
94 57
9 35
172 92
3 36
99 92
126 15
31 80
77 14
171 145
80 184
62 103
123 53
180 171
49 109
70 71
160 29
185 90
73 132
54 102
27 97
162 149
55 169
25 38
100 136
183 130
47 162
183 167
126 174
69 20
38 179
0 138
56 119
101 192
34 172
153 8
79 98
30 28
129 97
6 120
38 70
85 6
108 175
49 80
115 155
93 128
198 21
121 152
151 148
81 152
131 188
161 35
52 135
152 182
136 96
189 50
187 183
31 181
147 127
38 152
137 18
43 61
188 128
102 157
116 22
180 90
14 68
71 146
109 139
18 60
82 200
145 18
64 151
1 66
188 94
182 184
40 105
2 0
142 158
32 193
176 150
3 126
111 46
168 87
135 50
14 144
190 59
85 155
162 175
200 69
9 148
7 153
9 149
142 186
197 65
189 32
45 81
68 116
173 60
30 133
155 89
123 134
186 131
94 1
37 145
103 66
61 45
84 5
77 49
99 145
183 149
95 153
81 109
127 35
71 115
75 194
107 182
180 55
151 88
174 116
61 89
38 158
101 161
133 51
179 173
156 122
48 191
93 53
34 159
113 74
73 172
108 51
161 69
11 106
106 2
36 153
152 149
66 62
180 124
102 38
46 187
195 155
128 135
85 178
181 76
7 42
113 96
172 182
25 43
107 179
184 74
141 14
172 144
192 13
78 66
65 69
9 109
142 39
98 62
171 6
100 146
164 70
8 14
106 80
100 101
144 192
124 44
47 98
177 22
15 15
61 120
32 152
92 111
58 89
123 179
161 183
157 15
11 199
90 193
101 191
62 198
193 165
162 52
127 101
71 68
88 1
163 183
126 17
151 11
123 68
49 166
99 147
167 195
17 7
7 14
49 91
152 50
121 175
75 5
194 34
151 0
109 1
100 21
107 26
21 72
94 29
144 13
28 92
139 81
56 108
7 83
129 151
38 47
190 88
29 122
51 93
74 14
170 104
144 2
86 90
102 28
114 119
141 77
196 98
114 26
94 185
113 129
90 23
56 38
197 93
55 21
173 36
65 102
110 158
11 37
147 192
160 75
148 123
93 94
108 70
117 111
80 94
56 149
110 27
47 81
15 16
32 66
144 111
1 49
88 60
164 166
79 28
81 120
90 149
126 104
127 143
53 168
83 136
13 155
60 42
18 145
120 196
102 133
104 108
27 137
132 27
189 162
173 104
55 124
187 44
47 34
118 189
65 178
4 105
129 139
198 83
190 67
142 117
187 23
141 53
55 73
35 46
11 136
108 57
179 124
21 21
1 168
97 56
168 35
112 67
96 113
27 162
37 139
71 174
16 67
59 61
16 108
100 76
43 83
168 137
162 14
67 132
182 125
13 127
110 103
169 198
192 85
119 45
139 70
164 2
70 1
114 172
84 65
59 35
23 112
96 50
7 143
170 193
145 49
109 162
73 24
60 170
12 114
120 0
25 163
138 139
94 190
64 58
39 158
19 158
10 160
190 23
13 21
111 67
143 183
151 96
185 141
160 10
24 162
110 15
179 75
82 170
147 80
128 52
22 105
178 147
138 9
16 185
116 37
55 130
180 47
84 129
6 145
164 21
163 110
103 164
167 17
183 63
49 171
111 90
59 74
128 28
105 68
95 92
75 143
17 161
200 40
68 36
166 96
50 180
187 62
58 155
69 133
55 145
63 111
134 71
84 64
94 71
7 82
59 76
11 90
53 30
83 123
153 127
186 64
0 101
191 172
106 47
133 101
156 5
76 171
87 70
142 2
146 51
153 90
48 109
139 106
28 44
200 8
75 37
157 70
190 36
100 80
123 42
137 28
95 81
109 85
1 187
188 200
117 26
48 56
84 67
67 99
189 136
164 9
99 17
194 22
83 184
200 200
9 46
3 64
138 38
20 45
72 162
49 70
57 141
138 128
164 164
171 144
169 120
115 156
196 130
192 84
35 184
68 146
108 159
50 151
137 175
66 189
114 58
48 10
125 117
107 165
74 193
190 92
152 62
185 122
169 12
168 73
6 30
119 175
37 153
187 184
162 195
27 158
159 31
151 60
163 37
13 33
70 57
4 139
147 0
24 17
26 164
195 168
16 156
18 99
151 145
134 23
63 179
86 138
18 124
57 168
155 182
121 125
165 38
67 150
38 6
115 22
26 159
13 177
197 97
182 151
106 79
129 19
51 136
116 186
160 179
45 111
71 51
39 140
199 57
157 142
149 90
150 183
193 167
165 15
24 73
70 171
86 183
81 17
133 4
115 96
198 200
157 36
128 58
27 91
112 188
146 143
94 84
1 104
2 33
51 125
144 134
2 63
88 197
149 77
61 189
86 172
118 83
40 197
126 9
81 8
48 154
194 55
166 100
104 51
169 28
70 73
93 159
88 104
165 33
22 9
58 82
46 169
23 155
73 153
42 29
