20
17 16
23 11
47 26
14 44
12 23
8 16
30 49
5 21
31 48
36 39
6 14
41 18
13 13
2 44
34 12
32 30
49 1
28 39
19 12
19 6
86
8 7
48 2
38 10
26 8
21 33
26 22
31 30
25 49
13 24
32 41
23 31
3 27
3 31
9 45
21 11
50 31
12 3
16 35
22 22
35 49
9 3
38 5
12 34
45 13
14 1
44 28
17 25
47 32
5 8
12 28
7 45
20 25
8 29
26 38
44 6
25 19
4 44
20 38
7 30
20 14
9 18
37 3
10 11
10 10
45 24
16 16
42 47
45 23
1 36
38 20
42 7
33 25
49 8
9 28
14 25
36 31
4 29
49 50
45 19
0 15
47 36
7 27
40 23
19 15
47 24
35 18
22 47
48 34
3 32
30 45
23 25
4 2
19 48
41 8
38 9
20 0
49 29
36 10
40 36
50 50
21 32
6 13
26 46
21 38
6 8
28 22
